0
0
2
2
4
5
5
7
7
9
9
11
0
0
2
3
3
5
5
7
8
8
10
10
0
0
2
3
3
5
5
7
8
8
11
11
0
0
2
3
3
5
5
7
7
9
9
11
0
0
2
2
4
4
6
6
8
8
10
10
0
0
2
2
4
4
4
7
7
9
9
9
0
0
0
3
3
5
5
7
7
7
10
10
0
0
2
2
2
5
5
7
7
9
9
9
0
0
3
3
5
5
6
6
7
7
10
10
0
0
2
3
3
5
6
6
9
9
10
10
0.17
0.17
2.37
2.37
2.37
4.81
4.81
7.15
7.15
8.6
8.6
8.6
0
0
2
3
3
5
6
6
8
9
9
11
0
0
1
1
4
5
5
7
8
8
10
10
0
0
1
1
4
5
5
7
7
9
10
10
0
0
2
3
3
6
6
7
8
8
11
11
0
0
1
1
4
5
5
7
8
8
11
11
0
0
0.5
0.5
4
5
5
7
8
8
11.5
11.5
0
0
1.85
1.85
3.42
5.13
5.13
6.85
6.85
8.71
10.74
10.74
0
0
1.52
1.52
2.87
5.33
5.33
7.24
7.24
8.9
10.39
10.39
0
0
1.71
1.71
3.42
5.14
5.14
6.85
6.85
8.57
10.28
10.28
0
0
1.19
1.19
5.19
5.19
6.11
7.01
7.01
10.17
10.17
11.11
0
0
1.74
1.74
3.5
4.77
4.77
6.97
6.97
9.08
9.08
10.7
0
0
2.04
2.04
3.86
4.98
4.98
7.02
7.02
8.84
8.84
10.88
0
0
2.04
3.16
3.16
4.98
4.98
7.02
8.14
8.14
10.18
10.18