1 symbol 0 0 0 () norm 0 0 1-parrrx1 440.006 () norm 0 0 1-parrrx2
0 () norm 0 0 1-parrrx3 0 () norm 0 0 1-parrrx4 723 () norm 0 0 1-parrrx5
1 () norm 0 0 1-parrrx6 72 () norm 0 0 1-parrrx7 96 () arr 0 0 1-parrray1
84.3273 84.3273 84.3273 84.3273 84.3273 84.3273 84.3273 84.3273 84.3273
84.3273 84.3273 84.3273 84.3273 84.3273 84.3273 84.3273 84.3273 84.3273
84.3273 84.3273 84.3273 84.3273 84.3273 84.3273 84.3273 85.3 85.3 84.6713
84.3273 84.3273 84.3273 84.3273 84.3273 84.3273 84.3273 84.3273 84.3273
84.3273 84.3273 83.3 84.3273 84.3273 84.3273 84.3273 84.3273 84.3273
84.2793 84.2313 84.0393 84.0393 84.0393 84.0393 84.0393 84.0393 84.0393
83.9913 83.4633 83.4633 83.4633 83.5593 83.5833 84.0393 84.0873 84.1353
84.1353 84.3273 84.3273 84.3273 84.4233 84.4233 84.4233 84.3273 84.3273
84.3273 84.3273 84.3273 84.3273 84.3273 84.3273 84.3273 84.3273 84.3273
84.3273 84.3273 84.3273 84.3273 84.3273 84.3273 84.3273 84.3273 84.3273
84.3273 84.3273 84.3273 84.3273 84.3273 84.3273 84.3273 84.3273 84.3273
84.3273 84.3273 84.3273 84.3273 84.3273 84.3273 84.3273 84.3273 84.3273
84.3273 84.3273 84.3273 84.3273 84.3753 84.4233 84.4233 84.4233 84.4233
84.4233 84.4233 84.4713 84.5193 84.5193 84.6153 84.6153 84.6153 84.6153
84.7113 84.7353 84.7593 84.7833 84.8073 84.9033 84.9273 85.0953 85.1433
85.1913 85.0953 85.0473 84.8073 84.8073 84.8073 84.7753 84.7433 84.7113
84.7113 84.7113 84.7113 84.7113 84.7113 84.7113 84.7113 84.7113 84.7113
84.6873 84.6633 84.6393 84.5193 84.5193 84.1353 84.1353 84.1353 84.0393
84.0393 84.0393 84.0393 84.0393 84.0393 84.0393 84.0393 84.0393 83.9433
83.9433 83.9433 83.9433 83.9433 83.9433 83.9433 83.8953 83.8473 83.8473
83.8473 83.7513 83.7513 83.7513 83.7033 83.6553 83.6073 83.7513 83.7753
83.8473 83.8953 83.9433 84.0393 84.0393 84.0393 84.0393 84.0393 84.0873
84.1353 84.1353 84.1353 84.1353 84.1353 84.1353 84.1833 84.2313 84.2313
84.2313 84.2793 84.3273 84.3273 84.3273 84.3273 84.3273 84.3273 84.3273
84.3273 84.3273 84.3273 84.3273 84.3273 84.3273 84.3273 84.3273 84.3273
84.3273 84.3273 84.3273 84.3273 84.3273 84.3273 84.3273 84.3273 84.3273
84.3273 84.3273 84.3273 84.3273 84.3273 84.3273 84.3273 84.3273 84.3273
84.3273 84.3273 84.3273 84.3273 84.3273 84.3273 84.3273 84.3273 84.3273
84.3273 84.3273 84.3273 84.3273 84.3273 84.3273 84.3273 84.3273 84.3273
84.3273 84.3273 84.3273 84.3273 84.3273 84.3273 84.3273 84.3273 84.3
84.3 89.2393 89.2393 89.2393 89.2393 84.3432 84.3432 84.3432 84.3432
84.3432 84.3432 84.3432 84.3912 84.4392 84.4392 84.4392 84.4392 84.4392
84.4392 84.4392 84.4392 84.4392 84.4392 84.4392 84.4392 84.4392 84.4392
84.3432 84.3432 84.3432 89.3 89.3 89.204 89.204 89.204 89.204 89.204
89.204 89.204 89.204 89.204 89.204 89.204 89.204 89.204 89.204 89.204
89.204 89.204 89.204 89.204 89.204 89.204 89.204 89.204 89.204 89.204
89.204 89.204 89.204 89.204 89.108 89.108 89.108 89.108 83.3 83.3 84.3
84.3 84.3 84.3 84.3 84.1512 84.1992 84.2472 84.2472 84.2472 84.2472
84.2472 84.2472 84.2472 84.2472 84.2472 84.2472 84.2472 84.2472 84.2472
84.2472 84.2472 84.2472 84.2472 84.2472 84.3432 84.3912 84.4392 89.2673
89.2673 89.2673 89.2673 89.2673 89.2673 89.2673 89.2673 89.2673 89.2673
89.2673 89.2673 89.2673 89.2673 89.2673 89.2673 89.2673 89.2673 89.2673
89.2673 89.2673 91.3 91.3 91.3 91.3 91.3 91.3 89.3 89.3 89.3 89.3 89.3
89.3 89.3 89.3 89.3 89.3 89.3 89.3 89.3 89.3 89.3 89.3 89.3 89.3 89.3
89.3 89.3 89.3 89.3 89.3 89.3 89.3 89.3 82.3 82.3 82.3 82.3 82.3 84.3
84.3 84.3 84.3 84.3 84.3 84.3 84.3 84.3 84.3 84.3 84.3 84.3 84.3 84.3
84.3 84.3 84.3 84.3 84.3 84.3 84.3 84.3 84.3 84.3 84.3 91.3081 91.3081
91.3081 91.3081 91.3081 91.3081 91.3081 91.3081 91.2121 91.2121 91.2121
91.1161 91.1161 91.0201 91.0201 90.828 90.828 90.732 90.252 90.156
89.964 89.964 89.868 89.868 89.58 89.58 89.484 89.292 89.292 89.292
89.244 89.196 89.2673 89.2673 89.2673 89.2673 89.2673 89.2673 89.2673
89.2673 89.2673 89.2673 89.2673 89.2673 89.2673 89.2673 89.2673 89.2673
89.2673 89.2673 89.2673 89.2673 89.2673 89.2673 89.2673 82.2 82.2 82.2
82.2 82.2 82.2 84.3 84.3 84.2 84.2 84.2752 84.2752 84.2752 84.2752
84.2752 84.2752 84.2752 84.2752 84.2752 84.2752 84.2752 84.2752 84.2752
84.3232 84.3712 84.3712 84.6592 84.6592 84.6832 84.7072 84.7312 84.7552
84.8032 84.8512 84.8512 84.8512 84.8512 84.8512 85.1392 85.1392 85.1392
85.1392 85.1392 85.1392 85.1392 85.1392 85.1392 85.1392 85.0912 85.0432
85.0432 85.0432 84.9952 84.8512 84.8512 84.8512 84.7552 84.7552 84.6592
84.6592 84.6592 84.6592 84.5632 84.5152 84.3712 84.3712 84.3712 84.2752
84.2752 84.2752 84.2752 84.2752 84.2752 84.2752 84.2752 84.2752 84.2752
84.2752 84.2752 84.2752 84.2752 84.2752 84.2752 84.2752 84.2752 91.2
91.2 91.2 91.2 72.2 72.2 72.2 72.2 72.2 72.2 72.2 84.3712 84.3712 84.3712
84.3712 84.3712 84.3712 84.3712 84.3712 84.3712 84.3712 84.3712 72.2
72.2 72.2 84.3712 84.3712 84.3712 84.3712 84.3712 84.3712 84.3712 84.3712
89.2 89.2 89.2 91.2 91.2 91.2 92.2 92.2 92.2 84.3273 84.3273 84.3273
84.3273 84.3273 84.3273 84.3273 84.3273 84.3273 84.3273 84.3273 84.3273
84.3273 84.3273 84.3273 84.3273 84.3273 84.3273 84.3273 84.3273 84.3273
84.3273 84.3273 84.3273 84.3273 84.3273 84.3273 84.3273 84.3273 84.3273
84.3273 84.3273 84.3273 84.3273 84.3273 84.3273 84.3273 84.3273 84.3273
84.3273 84.3273 84.3273 84.3273 84.3273 84.3273 84.3273 84.3273 84.3273
84.3273 84.3273 84.3273 84.3273 84.3273 84.3273 84.3273 84.3273 84.3273
84.3273 84.3273 84.3273 84.3273 84.3273 84.3273 84.3273 84.3273 84.3273
84.3273 84.3273 84.3273 84.3273 84.3273 84.3273 84.3273 84.3273 84.3273
84.3273 84.3273 84.3273 84.3273 84.2313 84.2313 84.1353 84.2313 84.2313
84.2313 84.2313 84.2313 84.2313 84.2313 84.4233 () norm 0 0 1-soutrx1
100 () norm 0 0 1-soutrx2 1 () norm 0 0 1-soutrx3 100 () norm 0 0 1-soutrx4
1 () norm 0 0 3-ldlrx1 5511.81 () norm 0 0 3-ldlrx2 0.102362 () norm
0 0 3-ldlrx3 0 () norm 0 0 3-ldlrx4 1 () norm 0 0 3-ldlrx5 0 () norm
0 0 3-ldlrx6 1 () norm 0 0 2-ldlrx1 4173.23 () norm 0 0 2-ldlrx2 0
() norm 0 0 2-ldlrx3 0 () norm 0 0 2-ldlrx4 1 () norm 0 0 2-ldlrx5
0 () norm 0 0 2-ldlrx6 1 () norm 0 0 1-ldlrx1 1968.5 () norm 0 0 1-ldlrx2
0 () norm 0 0 1-ldlrx3 0 () norm 0 0 1-ldlrx4 1 () norm 0 0 1-ldlrx5
0 () norm 0 0 1-ldlrx6 1 () norm 0 0 1-wavrx1 0 () norm 0 0 1-wavrx2
1 () norm 0 0 1-wavrx3 84.33 () norm 0 0 1-wavrx4 0 () norm 0 0 1-wavrx5
100;
