1 symbol 0 0 0 () norm 0 0 1-revrx1 100 () norm 0 0 1-revrx2 98.5039
() norm 0 0 1-revrx3 4999.98 () norm 0 0 1-revrx4 79 () norm 0 0 1-bflrx1
0 () norm 0 0 1-bflrx2 2176.69 () norm 0 0 1-bflrx3 0 () norm 0 0 1-bflrx4
0 () norm 0 0 1-bflrx5 0 () norm 0 0 1-bflrx6 2.9997 () norm 0 0 1-bflrx7
0 () norm 0 0 1-bflrx8 0 () norm 0 0 1-bflrx9 0 () norm 0 0 1-bflrx10
2.9997 () norm 0 0 1-bflrx11 0 () norm 0 0 1-bflrx12 0 () norm 0 0
1-bflrx13 0 () norm 0 0 1-bflrx14 2.9997 () norm 0 0 1-bflrx15 37 ()
norm 0 0 1-bflrx16 0.440945 () norm 0 0 1-bflrx17 0 () norm 0 0 1-bflrx18
2.9997 () norm 0 0 1-bflrx19 28.95 () norm 0 0 1-bflrx20 0.637795 ()
norm 0 0 1-bflrx21 0.787402 () norm 0 0 1-bflrx22 28.932 () norm 0
0 1-bflrx23 71 () norm 0 0 1-bflrx24 0.732283 () norm 0 0 1-bflrx25
1.51181 () norm 0 0 1-bflrx26 23.0383 () norm 0 0 1-bflrx27 62 () norm
0 0 1-bflrx28 0.614173 () norm 0 0 1-bflrx29 0.787402 () norm 0 0 1-bflrx30
19.895 () norm 0 0 1-bflrx31 65 () norm 0 0 1-bflrx32 0.685039 () norm
0 0 1-bflrx33 2.51969 () norm 0 0 1-bflrx34 26.5745 () norm 0 0 1-bflrx35
0.913386 () norm 0 0 1-soutrx1 100 () norm 0 0 1-soutrx2 1 () norm
0 0 1-soutrx3 100 () norm 0 0 1-soutrx4 1 () norm 0 0 1-crrrx1 1 ()
norm 0 0 1-crrrx2 0 () norm 0 0 1-crrrx3 36 () norm 0 0 1-crrrx4 4.92462
() norm 0 0 1-crrrx5 2115.58 () norm 0 0 1-crrrx6 0 () norm 0 0 1-crrrx7
9.98939 () norm 0 0 1-crrrx8 48.0076 () norm 0 0 1-crrrx9 90 () norm
0 0 1-crrrx10 300.058 () arr 0 0 1-crrray1 0.419731 0.411885 0.404039
0.3805 0.20004 0.189578 0.179117 0.168655 0.152963 0.0431173 0.027425
-0.0981129 -0.0981129 -0.14519 -0.153036 -0.129497 -0.119036 -0.108574
-0.0510361 -0.0536515 -0.0562669 -0.0588823 -0.0614976 -0.064113 -0.0667284
-0.0588823 -0.0510361 -0.0458054 -0.0405747 -0.0196517 -0.0196517 -0.0196517
-0.0196517 -0.0196517 -0.0118056 -0.00395945 0.00388667 0.0431173 0.048348
0.0535787 0.0588095 0.0666556 0.090194 0.094117 0.0980401 0.101963
0.121578 0.129425 0.137271 0.137271 0.137271 0.137271 0.137271 0.0588095
0.0509634 0.027425 0.0313481 0.0352711 0.0391942 0.0431173 0.0535787
0.0640402 0.0745017 0.0745017 0.090194 0.105886 0.121578 0.129425 0.137271
0.145117 0.152963 0.156101 0.15924 0.162378 0.165517 0.168655 0.168655
0.184347 0.192193 0.215732 0.215732 0.20004 0.20004 0.20004 0.184347
0.184347 0.184347 0.160809 0.137271 0.137271 0.168655 0.168655 0.168655
0.179117 0.189578 0.20004 0.207886 0.215732 0.231424 0.247116 0.251039
0.254962 0.258885 0.262809 0.265947 0.269085 0.272224 0.275362 0.278501
0.278501 0.262809 0.247116 0.20004 0.207886 0.215732 0.220963 0.226193
0.231424 0.23927 0.247116 0.23927 0.231424 0.223578 0.215732 0.215732
0.215732 0.215732 0.215732 0.215732 0.215732 0.231424 0.23927 0.278501
0.270655 0.215732 0.215732 0.215732 0.215732 0.215732 0.215732 0.215732
0.215732 0.231424 0.231424 0.231424 0.231424 0.231424 0.231424 0.176501
0.168655 0.184347 0.184347 0.184347 0.184347 0.184347 0.20004 0.20004
0.20004 0.20004 0.215732 0.215732 0.215732 0.215732 0.215732 0.168655
0.168655 0.168655 0.168655 0.184347 0.184347 0.184347 0.184347 0.34127
0.34127 0.34127 0.333424 0.325577 0.23927 0.231424 0.20004 0.184347
0.114853 0.108128 0.101403 0.0946775 0.0879522 0.081227 0.0745017 0.0352711
-0.0196517 -0.0353439 -0.0667284 -0.0635899 -0.0604515 -0.057313 -0.0541746
-0.0510361 -0.04319 -0.0353439 -0.0274978 -0.0196517 -0.0102363 -0.000821
0.00859434 0.0180097 0.027425 0.0352711 0.0431173 0.0509634 0.0745017
0.0823478 0.090194 0.0980401 0.105886 0.121578 0.137271 0.152963 0.152963
0.152963 0.160809 0.105886 0.121578 0.137271 0.152963 0.184347 0.184347
0.184347 0.168655 0.168655 0.137271 0.129425 0.121578 0.113732 0.090194
0.090194 0.090194 0.090194 0.090194 0.090194 0.105886 0.152963 0.158194
0.163424 0.168655 0.173886 0.179117 0.20004 0.210501 0.220963 0.231424
0.23927 0.247116 0.262809 0.278501 0.278501 0.278501 0.278501 0.262809
0.252347 0.241886 0.184347 0.176501 0.184347 0.192193 0.20004 0.207886
0.231424 0.231424 0.231424 0.231424 0.231424 0.215732 0.207886 0.184347
0.145117 0.105886 0.0980401 0.090194 0.0745017 0.0588095 0.048348 0.0378865
0.027425 0.0195789 0.0588095 0.0666556 0.105886 0.113732 0.121578 0.129425
0.152963 0.163424 0.173886 0.184347 0.186963 0.189578 0.192193 0.194809
0.197424 0.168655 0.176501 0.215732 0.225147 0.234563 0.243978 0.253393
0.262809 0.278501 0.231424 0.231424 0.231424 0.231424 0.231424 0.236655
0.241886 0.247116 0.254962 0.262809 0.270655 0.278501 0.286347 0.294193
0.309885 0.325577 0.331854 0.338131 0.344408 0.350685 0.372654 0.372654
0.372654 0.372654 0.105886 0.0980401 0.0745017 0.0745017 0.0745017
0.0588095 0.0588095 0.0431173 0.0352711 -0.0353439 -0.0196517 -0.00395945
0.00388667 0.0117328 0.027425 0.0431173 0.0588095 0.0745017 0.090194
0.105886 0.20004 0.137271 0.137271 0.388346 0.388346 0.388346 0.388346
0.309885 0.305962 0.302039 0.298116 0.247116 0.223578 0.20004 0.20004
0.215732 0.215732 0.215732 0.231424 0.247116 0.262809 0.266732 0.270655
0.274578 0.278501 0.282984 0.356962 0.35472 0.352479 0.350237 0.347995
0.345753 0.343511 0.34127 0.325577 0.262809 0.262809 0.294193 0.294193
0.294193 0.294193 0.309885 0.325577 0.325577 0.325577 0.325577 0.325577
0.317731 0.278501 0.268039 0.257578 0.20004 0.207886 0.262809 0.278501
0.294193 0.298116 0.302039 0.305962 0.294193 0.288962 0.283732 0.262809
0.262809 0.262809 0.254962 0.247116 0.254962 0.262809 0.262809 0.262809
0.268039 0.27327 0.278501 0.286347 0.294193 0.294193 0.294193 0.286347
0.168655 0.165517 0.162378 0.15924 0.156101 0.168655 0.168655 0.168655
0.168655 0.215732;
2 symbol 0 0 0 () norm 0 0 1-revrx1 100 () norm 0 0 1-revrx2 98.5039
() norm 0 0 1-revrx3 4999.98 () norm 0 0 1-revrx4 79 () norm 0 0 1-bflrx1
0 () norm 0 0 1-bflrx2 13515.3 () norm 0 0 1-bflrx3 0 () norm 0 0 1-bflrx4
0 () norm 0 0 1-bflrx5 0 () norm 0 0 1-bflrx6 2.9997 () norm 0 0 1-bflrx7
0 () norm 0 0 1-bflrx8 0 () norm 0 0 1-bflrx9 0 () norm 0 0 1-bflrx10
2.9997 () norm 0 0 1-bflrx11 0 () norm 0 0 1-bflrx12 0 () norm 0 0
1-bflrx13 0 () norm 0 0 1-bflrx14 2.9997 () norm 0 0 1-bflrx15 37 ()
norm 0 0 1-bflrx16 0.440945 () norm 0 0 1-bflrx17 0 () norm 0 0 1-bflrx18
2.9997 () norm 0 0 1-bflrx19 80.95 () norm 0 0 1-bflrx20 0.637795 ()
norm 0 0 1-bflrx21 0.787402 () norm 0 0 1-bflrx22 13.2154 () norm 0
0 1-bflrx23 71 () norm 0 0 1-bflrx24 0.732283 () norm 0 0 1-bflrx25
0.566929 () norm 0 0 1-bflrx26 23.0383 () norm 0 0 1-bflrx27 62 ()
norm 0 0 1-bflrx28 0.614173 () norm 0 0 1-bflrx29 0.787402 () norm
0 0 1-bflrx30 15.5729 () norm 0 0 1-bflrx31 65 () norm 0 0 1-bflrx32
0.685039 () norm 0 0 1-bflrx33 2.51969 () norm 0 0 1-bflrx34 23.0383
() norm 0 0 1-bflrx35 0.913386 () norm 0 0 1-soutrx1 100 () norm 0
0 1-soutrx2 1 () norm 0 0 1-soutrx3 100 () norm 0 0 1-soutrx4 1 ()
norm 0 0 1-crrrx1 1 () norm 0 0 1-crrrx2 0 () norm 0 0 1-crrrx3 36
() norm 0 0 1-crrrx4 4.92462 () norm 0 0 1-crrrx5 2115.58 () norm 0
0 1-crrrx6 0 () norm 0 0 1-crrrx7 9.98939 () norm 0 0 1-crrrx8 48.0076
() norm 0 0 1-crrrx9 90 () norm 0 0 1-crrrx10 300.058 () arr 0 0 1-crrray1
0.419731 0.411885 0.404039 0.3805 0.20004 0.189578 0.179117 0.168655
0.152963 0.0431173 0.027425 -0.0981129 -0.0981129 -0.14519 -0.153036
-0.129497 -0.119036 -0.108574 -0.0510361 -0.0536515 -0.0562669 -0.0588823
-0.0614976 -0.064113 -0.0667284 -0.0588823 -0.0510361 -0.0458054 -0.0405747
-0.0196517 -0.0196517 -0.0196517 -0.0196517 -0.0196517 -0.0118056 -0.00395945
0.00388667 0.0431173 0.048348 0.0535787 0.0588095 0.0666556 0.090194
0.094117 0.0980401 0.101963 0.121578 0.129425 0.137271 0.137271 0.137271
0.137271 0.137271 0.0588095 0.0509634 0.027425 0.0313481 0.0352711
0.0391942 0.0431173 0.0535787 0.0640402 0.0745017 0.0745017 0.090194
0.105886 0.121578 0.129425 0.137271 0.145117 0.152963 0.156101 0.15924
0.162378 0.165517 0.168655 0.168655 0.184347 0.192193 0.215732 0.215732
0.20004 0.20004 0.20004 0.184347 0.184347 0.184347 0.160809 0.137271
0.137271 0.168655 0.168655 0.168655 0.179117 0.189578 0.20004 0.207886
0.215732 0.231424 0.247116 0.251039 0.254962 0.258885 0.262809 0.265947
0.269085 0.272224 0.275362 0.278501 0.278501 0.262809 0.247116 0.20004
0.207886 0.215732 0.220963 0.226193 0.231424 0.23927 0.247116 0.23927
0.231424 0.223578 0.215732 0.215732 0.215732 0.215732 0.215732 0.215732
0.215732 0.231424 0.23927 0.278501 0.270655 0.215732 0.215732 0.215732
0.215732 0.215732 0.215732 0.215732 0.215732 0.231424 0.231424 0.231424
0.231424 0.231424 0.231424 0.176501 0.168655 0.184347 0.184347 0.184347
0.184347 0.184347 0.20004 0.20004 0.20004 0.20004 0.215732 0.215732
0.215732 0.215732 0.215732 0.168655 0.168655 0.168655 0.168655 0.184347
0.184347 0.184347 0.184347 0.34127 0.34127 0.34127 0.333424 0.325577
0.23927 0.231424 0.20004 0.184347 0.114853 0.108128 0.101403 0.0946775
0.0879522 0.081227 0.0745017 0.0352711 -0.0196517 -0.0353439 -0.0667284
-0.0635899 -0.0604515 -0.057313 -0.0541746 -0.0510361 -0.04319 -0.0353439
-0.0274978 -0.0196517 -0.0102363 -0.000821 0.00859434 0.0180097 0.027425
0.0352711 0.0431173 0.0509634 0.0745017 0.0823478 0.090194 0.0980401
0.105886 0.121578 0.137271 0.152963 0.152963 0.152963 0.160809 0.105886
0.121578 0.137271 0.152963 0.184347 0.184347 0.184347 0.168655 0.168655
0.137271 0.129425 0.121578 0.113732 0.090194 0.090194 0.090194 0.090194
0.090194 0.090194 0.105886 0.152963 0.158194 0.163424 0.168655 0.173886
0.179117 0.20004 0.210501 0.220963 0.231424 0.23927 0.247116 0.262809
0.278501 0.278501 0.278501 0.278501 0.262809 0.252347 0.241886 0.184347
0.176501 0.184347 0.192193 0.20004 0.207886 0.231424 0.231424 0.231424
0.231424 0.231424 0.215732 0.207886 0.184347 0.145117 0.105886 0.0980401
0.090194 0.0745017 0.0588095 0.048348 0.0378865 0.027425 0.0195789
0.0588095 0.0666556 0.105886 0.113732 0.121578 0.129425 0.152963 0.163424
0.173886 0.184347 0.186963 0.189578 0.192193 0.194809 0.197424 0.168655
0.176501 0.215732 0.225147 0.234563 0.243978 0.253393 0.262809 0.278501
0.231424 0.231424 0.231424 0.231424 0.231424 0.236655 0.241886 0.247116
0.254962 0.262809 0.270655 0.278501 0.286347 0.294193 0.309885 0.325577
0.331854 0.338131 0.344408 0.350685 0.372654 0.372654 0.372654 0.372654
0.105886 0.0980401 0.0745017 0.0745017 0.0745017 0.0588095 0.0588095
0.0431173 0.0352711 -0.0353439 -0.0196517 -0.00395945 0.00388667 0.0117328
0.027425 0.0431173 0.0588095 0.0745017 0.090194 0.105886 0.20004 0.137271
0.137271 0.388346 0.388346 0.388346 0.388346 0.309885 0.305962 0.302039
0.298116 0.247116 0.223578 0.20004 0.20004 0.215732 0.215732 0.215732
0.231424 0.247116 0.262809 0.266732 0.270655 0.274578 0.278501 0.282984
0.356962 0.35472 0.352479 0.350237 0.347995 0.345753 0.343511 0.34127
0.325577 0.262809 0.262809 0.294193 0.294193 0.294193 0.294193 0.309885
0.325577 0.325577 0.325577 0.325577 0.325577 0.317731 0.278501 0.268039
0.257578 0.20004 0.207886 0.262809 0.278501 0.294193 0.298116 0.302039
0.305962 0.294193 0.288962 0.283732 0.262809 0.262809 0.262809 0.254962
0.247116 0.254962 0.262809 0.262809 0.262809 0.268039 0.27327 0.278501
0.286347 0.294193 0.294193 0.294193 0.286347 0.168655 0.165517 0.162378
0.15924 0.156101 0.168655 0.168655 0.168655 0.168655 0.215732;
3 symbol 0 0 0 () norm 0 0 1-revrx1 100 () norm 0 0 1-revrx2 98.5039
() norm 0 0 1-revrx3 4999.98 () norm 0 0 1-revrx4 79 () norm 0 0 1-bflrx1
0 () norm 0 0 1-bflrx2 14429.4 () norm 0 0 1-bflrx3 0 () norm 0 0 1-bflrx4
0 () norm 0 0 1-bflrx5 0 () norm 0 0 1-bflrx6 2.9997 () norm 0 0 1-bflrx7
0 () norm 0 0 1-bflrx8 0 () norm 0 0 1-bflrx9 0 () norm 0 0 1-bflrx10
2.9997 () norm 0 0 1-bflrx11 0 () norm 0 0 1-bflrx12 0 () norm 0 0
1-bflrx13 0 () norm 0 0 1-bflrx14 2.9997 () norm 0 0 1-bflrx15 37 ()
norm 0 0 1-bflrx16 0.440945 () norm 0 0 1-bflrx17 0 () norm 0 0 1-bflrx18
2.9997 () norm 0 0 1-bflrx19 80.95 () norm 0 0 1-bflrx20 0.76378 ()
norm 0 0 1-bflrx21 0.787402 () norm 0 0 1-bflrx22 13.2154 () norm 0
0 1-bflrx23 71 () norm 0 0 1-bflrx24 0.732283 () norm 0 0 1-bflrx25
0.15748 () norm 0 0 1-bflrx26 23.0383 () norm 0 0 1-bflrx27 62 () norm
0 0 1-bflrx28 0.779528 () norm 0 0 1-bflrx29 0.787402 () norm 0 0 1-bflrx30
15.5729 () norm 0 0 1-bflrx31 45 () norm 0 0 1-bflrx32 0.685039 ()
norm 0 0 1-bflrx33 0.283465 () norm 0 0 1-bflrx34 23.0383 () norm 0
0 1-bflrx35 0.913386 () norm 0 0 1-soutrx1 100 () norm 0 0 1-soutrx2
1 () norm 0 0 1-soutrx3 100 () norm 0 0 1-soutrx4 1 () norm 0 0 1-crrrx1
1 () norm 0 0 1-crrrx2 0 () norm 0 0 1-crrrx3 36 () norm 0 0 1-crrrx4
4.92462 () norm 0 0 1-crrrx5 3522.61 () norm 0 0 1-crrrx6 0 () norm
0 0 1-crrrx7 9.98939 () norm 0 0 1-crrrx8 48.0076 () norm 0 0 1-crrrx9
100 () norm 0 0 1-crrrx10 90.002 () arr 0 0 1-crrray1 0.419731 0.411885
0.404039 0.3805 0.20004 0.189578 0.179117 0.168655 0.152963 0.0431173
0.027425 -0.0981129 -0.0981129 -0.14519 -0.153036 -0.129497 -0.119036
-0.108574 -0.0510361 -0.0536515 -0.0562669 -0.0588823 -0.0614976 -0.064113
-0.0667284 -0.0588823 -0.0510361 -0.0458054 -0.0405747 -0.0196517 -0.0196517
-0.0196517 -0.0196517 -0.0196517 -0.0118056 -0.00395945 0.00388667
0.0431173 0.048348 0.0535787 0.0588095 0.0666556 0.090194 0.094117
0.0980401 0.101963 0.121578 0.129425 0.137271 0.137271 0.137271 0.137271
0.137271 0.0588095 0.0509634 0.027425 0.0313481 0.0352711 0.0391942
0.0431173 0.0535787 0.0640402 0.0745017 0.0745017 0.090194 0.105886
0.121578 0.129425 0.137271 0.145117 0.152963 0.156101 0.15924 0.162378
0.165517 0.168655 0.168655 0.184347 0.192193 0.215732 0.215732 0.20004
0.20004 0.20004 0.184347 0.184347 0.184347 0.160809 0.137271 0.137271
0.168655 0.168655 0.168655 0.179117 0.189578 0.20004 0.207886 0.215732
0.231424 0.247116 0.251039 0.254962 0.258885 0.262809 0.265947 0.269085
0.272224 0.275362 0.278501 0.278501 0.262809 0.247116 0.20004 0.207886
0.215732 0.220963 0.226193 0.231424 0.23927 0.247116 0.23927 0.231424
0.223578 0.215732 0.215732 0.215732 0.215732 0.215732 0.215732 0.215732
0.231424 0.23927 0.278501 0.270655 0.215732 0.215732 0.215732 0.215732
0.215732 0.215732 0.215732 0.215732 0.231424 0.231424 0.231424 0.231424
0.231424 0.231424 0.176501 0.168655 0.184347 0.184347 0.184347 0.184347
0.184347 0.20004 0.20004 0.20004 0.20004 0.215732 0.215732 0.215732
0.215732 0.215732 0.168655 0.168655 0.168655 0.168655 0.184347 0.184347
0.184347 0.184347 0.34127 0.34127 0.34127 0.333424 0.325577 0.23927
0.231424 0.20004 0.184347 0.114853 0.108128 0.101403 0.0946775 0.0879522
0.081227 0.0745017 0.0352711 -0.0196517 -0.0353439 -0.0667284 -0.0635899
-0.0604515 -0.057313 -0.0541746 -0.0510361 -0.04319 -0.0353439 -0.0274978
-0.0196517 -0.0102363 -0.000821 0.00859434 0.0180097 0.027425 0.0352711
0.0431173 0.0509634 0.0745017 0.0823478 0.090194 0.0980401 0.105886
0.121578 0.137271 0.152963 0.152963 0.152963 0.160809 0.105886 0.121578
0.137271 0.152963 0.184347 0.184347 0.184347 0.168655 0.168655 0.137271
0.129425 0.121578 0.113732 0.090194 0.090194 0.090194 0.090194 0.090194
0.090194 0.105886 0.152963 0.158194 0.163424 0.168655 0.173886 0.179117
0.20004 0.210501 0.220963 0.231424 0.23927 0.247116 0.262809 0.278501
0.278501 0.278501 0.278501 0.262809 0.252347 0.241886 0.184347 0.176501
0.184347 0.192193 0.20004 0.207886 0.231424 0.231424 0.231424 0.231424
0.231424 0.215732 0.207886 0.184347 0.145117 0.105886 0.0980401 0.090194
0.0745017 0.0588095 0.048348 0.0378865 0.027425 0.0195789 0.0588095
0.0666556 0.105886 0.113732 0.121578 0.129425 0.152963 0.163424 0.173886
0.184347 0.186963 0.189578 0.192193 0.194809 0.197424 0.168655 0.176501
0.215732 0.225147 0.234563 0.243978 0.253393 0.262809 0.278501 0.231424
0.231424 0.231424 0.231424 0.231424 0.236655 0.241886 0.247116 0.254962
0.262809 0.270655 0.278501 0.286347 0.294193 0.309885 0.325577 0.331854
0.338131 0.344408 0.350685 0.372654 0.372654 0.372654 0.372654 0.105886
0.0980401 0.0745017 0.0745017 0.0745017 0.0588095 0.0588095 0.0431173
0.0352711 -0.0353439 -0.0196517 -0.00395945 0.00388667 0.0117328 0.027425
0.0431173 0.0588095 0.0745017 0.090194 0.105886 0.20004 0.137271 0.137271
0.388346 0.388346 0.388346 0.388346 0.309885 0.305962 0.302039 0.298116
0.247116 0.223578 0.20004 0.20004 0.215732 0.215732 0.215732 0.231424
0.247116 0.262809 0.266732 0.270655 0.274578 0.278501 0.282984 0.356962
0.35472 0.352479 0.350237 0.347995 0.345753 0.343511 0.34127 0.325577
0.262809 0.262809 0.294193 0.294193 0.294193 0.294193 0.309885 0.325577
0.325577 0.325577 0.325577 0.325577 0.317731 0.278501 0.268039 0.257578
0.20004 0.207886 0.262809 0.278501 0.294193 0.298116 0.302039 0.305962
0.294193 0.288962 0.283732 0.262809 0.262809 0.262809 0.254962 0.247116
0.254962 0.262809 0.262809 0.262809 0.268039 0.27327 0.278501 0.286347
0.294193 0.294193 0.294193 0.286347 0.168655 0.165517 0.162378 0.15924
0.156101 0.168655 0.168655 0.168655 0.168655 0.215732;
4 symbol 0 0 0 () norm 0 0 1-revrx1 100 () norm 0 0 1-revrx2 98.5039
() norm 0 0 1-revrx3 4999.98 () norm 0 0 1-revrx4 79 () norm 0 0 1-bflrx1
0 () norm 0 0 1-bflrx2 14429.4 () norm 0 0 1-bflrx3 0 () norm 0 0 1-bflrx4
0 () norm 0 0 1-bflrx5 0 () norm 0 0 1-bflrx6 2.9997 () norm 0 0 1-bflrx7
0 () norm 0 0 1-bflrx8 0 () norm 0 0 1-bflrx9 0 () norm 0 0 1-bflrx10
2.9997 () norm 0 0 1-bflrx11 0 () norm 0 0 1-bflrx12 0 () norm 0 0
1-bflrx13 0 () norm 0 0 1-bflrx14 2.9997 () norm 0 0 1-bflrx15 37 ()
norm 0 0 1-bflrx16 0.440945 () norm 0 0 1-bflrx17 0 () norm 0 0 1-bflrx18
2.9997 () norm 0 0 1-bflrx19 80.95 () norm 0 0 1-bflrx20 0.76378 ()
norm 0 0 1-bflrx21 2.4252 () norm 0 0 1-bflrx22 8.10757 () norm 0 0
1-bflrx23 89 () norm 0 0 1-bflrx24 0.732283 () norm 0 0 1-bflrx25 1.85827
() norm 0 0 1-bflrx26 5.35718 () norm 0 0 1-bflrx27 62 () norm 0 0
1-bflrx28 0.779528 () norm 0 0 1-bflrx29 0.125984 () norm 0 0 1-bflrx30
8.8934 () norm 0 0 1-bflrx31 100 () norm 0 0 1-bflrx32 0.897638 ()
norm 0 0 1-bflrx33 0 () norm 0 0 1-bflrx34 32.4682 () norm 0 0 1-bflrx35
0.913386 () norm 0 0 1-soutrx1 100 () norm 0 0 1-soutrx2 1 () norm
0 0 1-soutrx3 100 () norm 0 0 1-soutrx4 1 () norm 0 0 1-crrrx1 1 ()
norm 0 0 1-crrrx2 0 () norm 0 0 1-crrrx3 36 () norm 0 0 1-crrrx4 4.92462
() norm 0 0 1-crrrx5 3874.37 () norm 0 0 1-crrrx6 0 () norm 0 0 1-crrrx7
9.98939 () norm 0 0 1-crrrx8 48.0076 () norm 0 0 1-crrrx9 100 () norm
0 0 1-crrrx10 90.002 () arr 0 0 1-crrray1 0.419731 0.411885 0.404039
0.3805 0.20004 0.189578 0.179117 0.168655 0.152963 0.0431173 0.027425
-0.0981129 -0.0981129 -0.14519 -0.153036 -0.129497 -0.119036 -0.108574
-0.0510361 -0.0536515 -0.0562669 -0.0588823 -0.0614976 -0.064113 -0.0667284
-0.0588823 -0.0510361 -0.0458054 -0.0405747 -0.0196517 -0.0196517 -0.0196517
-0.0196517 -0.0196517 -0.0118056 -0.00395945 0.00388667 0.0431173 0.048348
0.0535787 0.0588095 0.0666556 0.090194 0.094117 0.0980401 0.101963
0.121578 0.129425 0.137271 0.137271 0.137271 0.137271 0.137271 0.0588095
0.0509634 0.027425 0.0313481 0.0352711 0.0391942 0.0431173 0.0535787
0.0640402 0.0745017 0.0745017 0.090194 0.105886 0.121578 0.129425 0.137271
0.145117 0.152963 0.156101 0.15924 0.162378 0.165517 0.168655 0.168655
0.184347 0.192193 0.215732 0.215732 0.20004 0.20004 0.20004 0.184347
0.184347 0.184347 0.160809 0.137271 0.137271 0.168655 0.168655 0.168655
0.179117 0.189578 0.20004 0.207886 0.215732 0.231424 0.247116 0.251039
0.254962 0.258885 0.262809 0.265947 0.269085 0.272224 0.275362 0.278501
0.278501 0.262809 0.247116 0.20004 0.207886 0.215732 0.220963 0.226193
0.231424 0.23927 0.247116 0.23927 0.231424 0.223578 0.215732 0.215732
0.215732 0.215732 0.215732 0.215732 0.215732 0.231424 0.23927 0.278501
0.270655 0.215732 0.215732 0.215732 0.215732 0.215732 0.215732 0.215732
0.215732 0.231424 0.231424 0.231424 0.231424 0.231424 0.231424 0.176501
0.168655 0.184347 0.184347 0.184347 0.184347 0.184347 0.20004 0.20004
0.20004 0.20004 0.215732 0.215732 0.215732 0.215732 0.215732 0.168655
0.168655 0.168655 0.168655 0.184347 0.184347 0.184347 0.184347 0.34127
0.34127 0.34127 0.333424 0.325577 0.23927 0.231424 0.20004 0.184347
0.114853 0.108128 0.101403 0.0946775 0.0879522 0.081227 0.0745017 0.0352711
-0.0196517 -0.0353439 -0.0667284 -0.0635899 -0.0604515 -0.057313 -0.0541746
-0.0510361 -0.04319 -0.0353439 -0.0274978 -0.0196517 -0.0102363 -0.000821
0.00859434 0.0180097 0.027425 0.0352711 0.0431173 0.0509634 0.0745017
0.0823478 0.090194 0.0980401 0.105886 0.121578 0.137271 0.152963 0.152963
0.152963 0.160809 0.105886 0.121578 0.137271 0.152963 0.184347 0.184347
0.184347 0.168655 0.168655 0.137271 0.129425 0.121578 0.113732 0.090194
0.090194 0.090194 0.090194 0.090194 0.090194 0.105886 0.152963 0.158194
0.163424 0.168655 0.173886 0.179117 0.20004 0.210501 0.220963 0.231424
0.23927 0.247116 0.262809 0.278501 0.278501 0.278501 0.278501 0.262809
0.252347 0.241886 0.184347 0.176501 0.184347 0.192193 0.20004 0.207886
0.231424 0.231424 0.231424 0.231424 0.231424 0.215732 0.207886 0.184347
0.145117 0.105886 0.0980401 0.090194 0.0745017 0.0588095 0.048348 0.0378865
0.027425 0.0195789 0.0588095 0.0666556 0.105886 0.113732 0.121578 0.129425
0.152963 0.163424 0.173886 0.184347 0.186963 0.189578 0.192193 0.194809
0.197424 0.168655 0.176501 0.215732 0.225147 0.234563 0.243978 0.253393
0.262809 0.278501 0.231424 0.231424 0.231424 0.231424 0.231424 0.236655
0.241886 0.247116 0.254962 0.262809 0.270655 0.278501 0.286347 0.294193
0.309885 0.325577 0.331854 0.338131 0.344408 0.350685 0.372654 0.372654
0.372654 0.372654 0.105886 0.0980401 0.0745017 0.0745017 0.0745017
0.0588095 0.0588095 0.0431173 0.0352711 -0.0353439 -0.0196517 -0.00395945
0.00388667 0.0117328 0.027425 0.0431173 0.0588095 0.0745017 0.090194
0.105886 0.20004 0.137271 0.137271 0.388346 0.388346 0.388346 0.388346
0.309885 0.305962 0.302039 0.298116 0.247116 0.223578 0.20004 0.20004
0.215732 0.215732 0.215732 0.231424 0.247116 0.262809 0.266732 0.270655
0.274578 0.278501 0.282984 0.356962 0.35472 0.352479 0.350237 0.347995
0.345753 0.343511 0.34127 0.325577 0.262809 0.262809 0.294193 0.294193
0.294193 0.294193 0.309885 0.325577 0.325577 0.325577 0.325577 0.325577
0.317731 0.278501 0.268039 0.257578 0.20004 0.207886 0.262809 0.278501
0.294193 0.298116 0.302039 0.305962 0.294193 0.288962 0.283732 0.262809
0.262809 0.262809 0.254962 0.247116 0.254962 0.262809 0.262809 0.262809
0.268039 0.27327 0.278501 0.286347 0.294193 0.294193 0.294193 0.286347
0.168655 0.165517 0.162378 0.15924 0.156101 0.168655 0.168655 0.168655
0.168655 0.215732;
5 symbol 0 0 0 () norm 0 0 1-revrx1 100 () norm 0 0 1-revrx2 98.5039
() norm 0 0 1-revrx3 4999.98 () norm 0 0 1-revrx4 79 () norm 0 0 1-bflrx1
0 () norm 0 0 1-bflrx2 14429.4 () norm 0 0 1-bflrx3 0 () norm 0 0 1-bflrx4
0 () norm 0 0 1-bflrx5 0 () norm 0 0 1-bflrx6 4.96427 () norm 0 0 1-bflrx7
0 () norm 0 0 1-bflrx8 0 () norm 0 0 1-bflrx9 0 () norm 0 0 1-bflrx10
4.96427 () norm 0 0 1-bflrx11 0 () norm 0 0 1-bflrx12 0 () norm 0 0
1-bflrx13 0 () norm 0 0 1-bflrx14 4.96427 () norm 0 0 1-bflrx15 37
() norm 0 0 1-bflrx16 0.440945 () norm 0 0 1-bflrx17 0 () norm 0 0
1-bflrx18 4.96427 () norm 0 0 1-bflrx19 70.95 () norm 0 0 1-bflrx20
0.76378 () norm 0 0 1-bflrx21 0.251969 () norm 0 0 1-bflrx22 2.60679
() norm 0 0 1-bflrx23 101 () norm 0 0 1-bflrx24 0.732283 () norm 0
0 1-bflrx25 0.818898 () norm 0 0 1-bflrx26 7.71466 () norm 0 0 1-bflrx27
106 () norm 0 0 1-bflrx28 0.779528 () norm 0 0 1-bflrx29 2.55118 ()
norm 0 0 1-bflrx30 3.39261 () norm 0 0 1-bflrx31 100 () norm 0 0 1-bflrx32
0.897638 () norm 0 0 1-bflrx33 0.850394 () norm 0 0 1-bflrx34 4.17844
() norm 0 0 1-bflrx35 0.889764 () norm 0 0 1-soutrx1 100 () norm 0
0 1-soutrx2 1 () norm 0 0 1-soutrx3 100 () norm 0 0 1-soutrx4 1 ()
norm 0 0 1-crrrx1 1 () norm 0 0 1-crrrx2 0 () norm 0 0 1-crrrx3 36
() norm 0 0 1-crrrx4 4.92462 () norm 0 0 1-crrrx5 4226.13 () norm 0
0 1-crrrx6 0 () norm 0 0 1-crrrx7 9.98939 () norm 0 0 1-crrrx8 48.0076
() norm 0 0 1-crrrx9 90 () norm 0 0 1-crrrx10 100.053 () arr 0 0 1-crrray1
0.419731 0.411885 0.404039 0.3805 0.20004 0.189578 0.179117 0.168655
0.152963 0.0431173 0.027425 -0.0981129 -0.0981129 -0.14519 -0.153036
-0.129497 -0.119036 -0.108574 -0.0510361 -0.0536515 -0.0562669 -0.0588823
-0.0614976 -0.064113 -0.0667284 -0.0588823 -0.0510361 -0.0458054 -0.0405747
-0.0196517 -0.0196517 -0.0196517 -0.0196517 -0.0196517 -0.0118056 -0.00395945
0.00388667 0.0431173 0.048348 0.0535787 0.0588095 0.0666556 0.090194
0.094117 0.0980401 0.101963 0.121578 0.129425 0.137271 0.137271 0.137271
0.137271 0.137271 0.0588095 0.0509634 0.027425 0.0313481 0.0352711
0.0391942 0.0431173 0.0535787 0.0640402 0.0745017 0.0745017 0.090194
0.105886 0.121578 0.129425 0.137271 0.145117 0.152963 0.156101 0.15924
0.162378 0.165517 0.168655 0.168655 0.184347 0.192193 0.215732 0.215732
0.20004 0.20004 0.20004 0.184347 0.184347 0.184347 0.160809 0.137271
0.137271 0.168655 0.168655 0.168655 0.179117 0.189578 0.20004 0.207886
0.215732 0.231424 0.247116 0.251039 0.254962 0.258885 0.262809 0.265947
0.269085 0.272224 0.275362 0.278501 0.278501 0.262809 0.247116 0.20004
0.207886 0.215732 0.220963 0.226193 0.231424 0.23927 0.247116 0.23927
0.231424 0.223578 0.215732 0.215732 0.215732 0.215732 0.215732 0.215732
0.215732 0.231424 0.23927 0.278501 0.270655 0.215732 0.215732 0.215732
0.215732 0.215732 0.215732 0.215732 0.215732 0.231424 0.231424 0.231424
0.231424 0.231424 0.231424 0.176501 0.168655 0.184347 0.184347 0.184347
0.184347 0.184347 0.20004 0.20004 0.20004 0.20004 0.215732 0.215732
0.215732 0.215732 0.215732 0.168655 0.168655 0.168655 0.168655 0.184347
0.184347 0.184347 0.184347 0.34127 0.34127 0.34127 0.333424 0.325577
0.23927 0.231424 0.20004 0.184347 0.114853 0.108128 0.101403 0.0946775
0.0879522 0.081227 0.0745017 0.0352711 -0.0196517 -0.0353439 -0.0667284
-0.0635899 -0.0604515 -0.057313 -0.0541746 -0.0510361 -0.04319 -0.0353439
-0.0274978 -0.0196517 -0.0102363 -0.000821 0.00859434 0.0180097 0.027425
0.0352711 0.0431173 0.0509634 0.0745017 0.0823478 0.090194 0.0980401
0.105886 0.121578 0.137271 0.152963 0.152963 0.152963 0.160809 0.105886
0.121578 0.137271 0.152963 0.184347 0.184347 0.184347 0.168655 0.168655
0.137271 0.129425 0.121578 0.113732 0.090194 0.090194 0.090194 0.090194
0.090194 0.090194 0.105886 0.152963 0.158194 0.163424 0.168655 0.173886
0.179117 0.20004 0.210501 0.220963 0.231424 0.23927 0.247116 0.262809
0.278501 0.278501 0.278501 0.278501 0.262809 0.252347 0.241886 0.184347
0.176501 0.184347 0.192193 0.20004 0.207886 0.231424 0.231424 0.231424
0.231424 0.231424 0.215732 0.207886 0.184347 0.145117 0.105886 0.0980401
0.090194 0.0745017 0.0588095 0.048348 0.0378865 0.027425 0.0195789
0.0588095 0.0666556 0.105886 0.113732 0.121578 0.129425 0.152963 0.163424
0.173886 0.184347 0.186963 0.189578 0.192193 0.194809 0.197424 0.168655
0.176501 0.215732 0.225147 0.234563 0.243978 0.253393 0.262809 0.278501
0.231424 0.231424 0.231424 0.231424 0.231424 0.236655 0.241886 0.247116
0.254962 0.262809 0.270655 0.278501 0.286347 0.294193 0.309885 0.325577
0.331854 0.338131 0.344408 0.350685 0.372654 0.372654 0.372654 0.372654
0.105886 0.0980401 0.0745017 0.0745017 0.0745017 0.0588095 0.0588095
0.0431173 0.0352711 -0.0353439 -0.0196517 -0.00395945 0.00388667 0.0117328
0.027425 0.0431173 0.0588095 0.0745017 0.090194 0.105886 0.20004 0.137271
0.137271 0.388346 0.388346 0.388346 0.388346 0.309885 0.305962 0.302039
0.298116 0.247116 0.223578 0.20004 0.20004 0.215732 0.215732 0.215732
0.231424 0.247116 0.262809 0.266732 0.270655 0.274578 0.278501 0.282984
0.356962 0.35472 0.352479 0.350237 0.347995 0.345753 0.343511 0.34127
0.325577 0.262809 0.262809 0.294193 0.294193 0.294193 0.294193 0.309885
0.325577 0.325577 0.325577 0.325577 0.325577 0.317731 0.278501 0.268039
0.257578 0.20004 0.207886 0.262809 0.278501 0.294193 0.298116 0.302039
0.305962 0.294193 0.288962 0.283732 0.262809 0.262809 0.262809 0.254962
0.247116 0.254962 0.262809 0.262809 0.262809 0.268039 0.27327 0.278501
0.286347 0.294193 0.294193 0.294193 0.286347 0.168655 0.165517 0.162378
0.15924 0.156101 0.168655 0.168655 0.168655 0.168655 0.215732;
6 symbol 0 0 0 () norm 0 0 1-revrx1 100 () norm 0 0 1-revrx2 98.5039
() norm 0 0 1-revrx3 4999.98 () norm 0 0 1-revrx4 79 () norm 0 0 1-bflrx1
0 () norm 0 0 1-bflrx2 964.882 () norm 0 0 1-bflrx3 0 () norm 0 0 1-bflrx4
0 () norm 0 0 1-bflrx5 0 () norm 0 0 1-bflrx6 2.9997 () norm 0 0 1-bflrx7
0 () norm 0 0 1-bflrx8 0 () norm 0 0 1-bflrx9 0 () norm 0 0 1-bflrx10
2.9997 () norm 0 0 1-bflrx11 0 () norm 0 0 1-bflrx12 0 () norm 0 0
1-bflrx13 0 () norm 0 0 1-bflrx14 2.9997 () norm 0 0 1-bflrx15 37 ()
norm 0 0 1-bflrx16 0.440945 () norm 0 0 1-bflrx17 0 () norm 0 0 1-bflrx18
2.9997 () norm 0 0 1-bflrx19 76.95 () norm 0 0 1-bflrx20 0.76378 ()
norm 0 0 1-bflrx21 0.314961 () norm 0 0 1-bflrx22 2.60679 () norm 0
0 1-bflrx23 85.57 () norm 0 0 1-bflrx24 0.732283 () norm 0 0 1-bflrx25
0 () norm 0 0 1-bflrx26 2.60679 () norm 0 0 1-bflrx27 74 () norm 0
0 1-bflrx28 0.779528 () norm 0 0 1-bflrx29 0.15748 () norm 0 0 1-bflrx30
1.82096 () norm 0 0 1-bflrx31 78.8 () norm 0 0 1-bflrx32 0.685039 ()
norm 0 0 1-bflrx33 0.535433 () norm 0 0 1-bflrx34 1.42805 () norm 0
0 1-bflrx35 1 () norm 0 0 1-soutrx1 100 () norm 0 0 1-soutrx2 1 ()
norm 0 0 1-soutrx3 100 () norm 0 0 1-soutrx4 1 () norm 0 0 1-crrrx1
1 () norm 0 0 1-crrrx2 0 () norm 0 0 1-crrrx3 104.24 () norm 0 0 1-crrrx4
0.201005 () norm 0 0 1-crrrx5 4763.82 () norm 0 0 1-crrrx6 0 () norm
0 0 1-crrrx7 9.98939 () norm 0 0 1-crrrx8 48.0076 () norm 0 0 1-crrrx9
90 () norm 0 0 1-crrrx10 100.053 () arr 0 0 1-crrray1 0.419731 0.411885
0.404039 0.3805 0.20004 0.189578 0.179117 0.168655 0.152963 0.0431173
0.027425 -0.0981129 -0.0981129 -0.14519 -0.153036 -0.129497 -0.119036
-0.108574 -0.0510361 -0.0536515 -0.0562669 -0.0588823 -0.0614976 -0.064113
-0.0667284 -0.0588823 -0.0510361 -0.0458054 -0.0405747 -0.0196517 -0.0196517
-0.0196517 -0.0196517 -0.0196517 -0.0118056 -0.00395945 0.00388667
0.0431173 0.048348 0.0535787 0.0588095 0.0666556 0.090194 0.094117
0.0980401 0.101963 0.121578 0.129425 0.137271 0.137271 0.137271 0.137271
0.137271 0.0588095 0.0509634 0.027425 0.0313481 0.0352711 0.0391942
0.0431173 0.0535787 0.0640402 0.0745017 0.0745017 0.090194 0.105886
0.121578 0.129425 0.137271 0.145117 0.152963 0.156101 0.15924 0.162378
0.165517 0.168655 0.168655 0.184347 0.192193 0.215732 0.215732 0.20004
0.20004 0.20004 0.184347 0.184347 0.184347 0.160809 0.137271 0.137271
0.168655 0.168655 0.168655 0.179117 0.189578 0.20004 0.207886 0.215732
0.231424 0.247116 0.251039 0.254962 0.258885 0.262809 0.265947 0.269085
0.272224 0.275362 0.278501 0.278501 0.262809 0.247116 0.20004 0.207886
0.215732 0.220963 0.226193 0.231424 0.23927 0.247116 0.23927 0.231424
0.223578 0.215732 0.215732 0.215732 0.215732 0.215732 0.215732 0.215732
0.231424 0.23927 0.278501 0.270655 0.215732 0.215732 0.215732 0.215732
0.215732 0.215732 0.215732 0.215732 0.231424 0.231424 0.231424 0.231424
0.231424 0.231424 0.176501 0.168655 0.184347 0.184347 0.184347 0.184347
0.184347 0.20004 0.20004 0.20004 0.20004 0.215732 0.215732 0.215732
0.215732 0.215732 0.168655 0.168655 0.168655 0.168655 0.184347 0.184347
0.184347 0.184347 0.34127 0.34127 0.34127 0.333424 0.325577 0.23927
0.231424 0.20004 0.184347 0.114853 0.108128 0.101403 0.0946775 0.0879522
0.081227 0.0745017 0.0352711 -0.0196517 -0.0353439 -0.0667284 -0.0635899
-0.0604515 -0.057313 -0.0541746 -0.0510361 -0.04319 -0.0353439 -0.0274978
-0.0196517 -0.0102363 -0.000821 0.00859434 0.0180097 0.027425 0.0352711
0.0431173 0.0509634 0.0745017 0.0823478 0.090194 0.0980401 0.105886
0.121578 0.137271 0.152963 0.152963 0.152963 0.160809 0.105886 0.121578
0.137271 0.152963 0.184347 0.184347 0.184347 0.168655 0.168655 0.137271
0.129425 0.121578 0.113732 0.090194 0.090194 0.090194 0.090194 0.090194
0.090194 0.105886 0.152963 0.158194 0.163424 0.168655 0.173886 0.179117
0.20004 0.210501 0.220963 0.231424 0.23927 0.247116 0.262809 0.278501
0.278501 0.278501 0.278501 0.262809 0.252347 0.241886 0.184347 0.176501
0.184347 0.192193 0.20004 0.207886 0.231424 0.231424 0.231424 0.231424
0.231424 0.215732 0.207886 0.184347 0.145117 0.105886 0.0980401 0.090194
0.0745017 0.0588095 0.048348 0.0378865 0.027425 0.0195789 0.0588095
0.0666556 0.105886 0.113732 0.121578 0.129425 0.152963 0.163424 0.173886
0.184347 0.186963 0.189578 0.192193 0.194809 0.197424 0.168655 0.176501
0.215732 0.225147 0.234563 0.243978 0.253393 0.262809 0.278501 0.231424
0.231424 0.231424 0.231424 0.231424 0.236655 0.241886 0.247116 0.254962
0.262809 0.270655 0.278501 0.286347 0.294193 0.309885 0.325577 0.331854
0.338131 0.344408 0.350685 0.372654 0.372654 0.372654 0.372654 0.105886
0.0980401 0.0745017 0.0745017 0.0745017 0.0588095 0.0588095 0.0431173
0.0352711 -0.0353439 -0.0196517 -0.00395945 0.00388667 0.0117328 0.027425
0.0431173 0.0588095 0.0745017 0.090194 0.105886 0.20004 0.137271 0.137271
0.388346 0.388346 0.388346 0.388346 0.309885 0.305962 0.302039 0.298116
0.247116 0.223578 0.20004 0.20004 0.215732 0.215732 0.215732 0.231424
0.247116 0.262809 0.266732 0.270655 0.274578 0.278501 0.282984 0.356962
0.35472 0.352479 0.350237 0.347995 0.345753 0.343511 0.34127 0.325577
0.262809 0.262809 0.294193 0.294193 0.294193 0.294193 0.309885 0.325577
0.325577 0.325577 0.325577 0.325577 0.317731 0.278501 0.268039 0.257578
0.20004 0.207886 0.262809 0.278501 0.294193 0.298116 0.302039 0.305962
0.294193 0.288962 0.283732 0.262809 0.262809 0.262809 0.254962 0.247116
0.254962 0.262809 0.262809 0.262809 0.268039 0.27327 0.278501 0.286347
0.294193 0.294193 0.294193 0.286347 0.168655 0.165517 0.162378 0.15924
0.156101 0.168655 0.168655 0.168655 0.168655 0.215732;
7 symbol 0 0 0 () norm 0 0 1-revrx1 100 () norm 0 0 1-revrx2 98.5039
() norm 0 0 1-revrx3 4999.98 () norm 0 0 1-revrx4 79 () norm 0 0 1-bflrx1
0 () norm 0 0 1-bflrx2 964.882 () norm 0 0 1-bflrx3 0 () norm 0 0 1-bflrx4
0 () norm 0 0 1-bflrx5 0 () norm 0 0 1-bflrx6 2.9997 () norm 0 0 1-bflrx7
0 () norm 0 0 1-bflrx8 0 () norm 0 0 1-bflrx9 0 () norm 0 0 1-bflrx10
2.9997 () norm 0 0 1-bflrx11 0 () norm 0 0 1-bflrx12 0 () norm 0 0
1-bflrx13 0 () norm 0 0 1-bflrx14 2.9997 () norm 0 0 1-bflrx15 37 ()
norm 0 0 1-bflrx16 0.440945 () norm 0 0 1-bflrx17 0 () norm 0 0 1-bflrx18
2.9997 () norm 0 0 1-bflrx19 76.95 () norm 0 0 1-bflrx20 0.76378 ()
norm 0 0 1-bflrx21 2.51969 () norm 0 0 1-bflrx22 9.28631 () norm 0
0 1-bflrx23 85.57 () norm 0 0 1-bflrx24 0.732283 () norm 0 0 1-bflrx25
1.79528 () norm 0 0 1-bflrx26 30.5036 () norm 0 0 1-bflrx27 74 () norm
0 0 1-bflrx28 0.779528 () norm 0 0 1-bflrx29 1.6378 () norm 0 0 1-bflrx30
16.7517 () norm 0 0 1-bflrx31 78.8 () norm 0 0 1-bflrx32 0.685039 ()
norm 0 0 1-bflrx33 1.92126 () norm 0 0 1-bflrx34 29.3249 () norm 0
0 1-bflrx35 0.535433 () norm 0 0 1-soutrx1 100 () norm 0 0 1-soutrx2
1 () norm 0 0 1-soutrx3 100 () norm 0 0 1-soutrx4 1 () norm 0 0 1-crrrx1
1 () norm 0 0 1-crrrx2 0 () norm 0 0 1-crrrx3 66.24 () norm 0 0 1-crrrx4
2.78894 () norm 0 0 1-crrrx5 5316.58 () norm 0 0 1-crrrx6 0 () norm
0 0 1-crrrx7 9.98939 () norm 0 0 1-crrrx8 48.0076 () norm 0 0 1-crrrx9
100 () norm 0 0 1-crrrx10 90.002 () arr 0 0 1-crrray1 0.0588096 0.0588096
0.0588096 0.0588096 0.0588096 0.0588096 0.0588096 0.0588096 0.0588096
0.0588096 0.0588096 0.0588096 0.0588096 0.0588096 0.0588096 0.0588096
0.0588096 0.0588096 0.0588096 0.0588096 0.0588096 0.0588096 0.0588096
0.0588096 0.0588096 0.0588096 0.0588096 0.0588096 0.0588096 0.0588096
0.0588096 0.0588096 0.0588096 0.0588096 0.0588096 0.0588096 0.0588096
0.0588096 0.0588096 0.0588096 0.0588096 0.0588096 0.0588096 0.0588096
0.0588096 0.0588096 0.0588096 0.0588096 0.0588096 0.0588096 0.0588096
0.0588096 0.0588096 0.0588096 0.0588096 0.0588096 0.0588096 0.0588096
0.0588096 0.0588096 0.0588096 0.0588096 0.0588096 0.0588096 0.0588096
0.0588096 0.0588096 0.0588096 0.0588096 0.0588096 0.0588096 0.0588096
0.0588096 0.0588096 0.0588096 0.0588096 0.0588096 0.0588096 0.0588096
0.0588096 0.0588096 0.0588096 0.0588096 0.0588096 0.0588096 0.0588096
0.0588096 0.0588096 0.0588096 0.0588096 0.0588096 0.0588096 0.0588096
0.0588096 0.0588096 0.0588096 0.0588096 0.0588096 0.0588096 0.0588096
0.0588096 0.0588096 0.0588096 0.0588096 0.0588096 0.0588096 0.0588096
0.0588096 0.0588096 0.0588096 0.0588096 0.0588096 0.0588096 0.0588096
0.0588096 0.0588096 0.0588096 0.0588096 0.0588096 0.0588096 0.0588096
0.0588096 0.0588096 0.0588096 0.0588096 0.0588096 0.0588096 0.0588096
0.0588096 0.0588096 0.0588096 0.0588096 0.0588096 0.0588096 0.0588096
0.0588096 0.0588096 0.0588096 0.0588096 0.0588096 0.0588096 0.0588096
0.0588096 0.0588096 0.0588096 0.0588096 0.0588096 0.0588096 0.0588096
0.0588096 0.0588096 0.0588096 0.0588096 0.0588096 0.0588096 0.0588096
0.0588096 0.0588096 0.0588096 0.0588096 0.0588096 0.0588096 0.0588096
0.0588096 0.0588096 0.0588096 0.0588096 0.0588096 0.0588096 0.0588096
0.0588096 0.0588096 0.0588096 0.0588096 0.0588096 0.0588096 0.0588096
0.0588096 0.0588096 0.0588096 0.0588096 0.0588096 0.0588096 0.0588096
0.0588096 0.0588096 0.0588096 0.0588096 0.0588096 0.0588096 0.0588096
0.0588096 0.0588096 0.0588096 0.0588096 0.0588096 0.0588096 0.0588096
0.0588096 0.0588096 0.0588096 0.0588096 0.0588096 0.0588096 0.0588096
0.0588096 0.0588096 0.0588096 0.0588096 0.0588096 0.0588096 0.0588096
0.0588096 0.0588096 0.0588096 0.0588096 0.0588096 0.0588096 0.0588096
0.0588096 0.0588096 0.0588096 0.0588096 0.0588096 0.0588096 0.0588096
0.0588096 0.0588096 0.0588096 0.0588096 0.0588096 0.0588096 0.0588096
0.0588096 0.0588096 0.0588096 0.0588096 0.0588096 0.0588096 0.0588096
0.0588096 0.0588096 0.0588096 0.0588096 0.0588096 0.0588096 0.0588096
0.0588096 0.0588096 0.0588096 0.0588096 0.0588096 0.0588096 0.0588096
0.0588096 0.0588096 0.0588096 0.0588096 0.0588096 0.0588096 0.0588096
0.0588096 0.0588096 0.0588096 0.0588096 0.0588096 0.0588096 0.0588096
0.0588096 0.0588096 0.0588096 0.0588096 0.0588096 0.0588096 0.0588096
0.0588096 0.0588096 0.0588096 0.0588096 0.0588096 0.0588096 0.0588096
0.0588096 0.0588096 0.0588096 0.0588096 0.0588096 0.0588096 0.0588096
0.0588096 0.0588096 0.0588096 0.0588096 0.0588096 0.0588096 0.0588096
0.0588096 0.0588096 0.0588096 0.0588096 0.0588096 0.0588096 0.0588096
0.0588096 0.0588096 0.0588096 0.0588096 0.0588096 0.0588096 0.0588096
0.0588096 0.0588096 0.0588096 0.0588096 0.0588096 0.0588096 0.0588096
0.0588096 0.0588096 0.0588096 0.0588096 0.0588096 0.0588096 0.0588096
0.0588096 0.0588096 0.0588096 0.0588096 0.0588096 0.0588096 0.0588096
0.0588096 0.0588096 0.0588096 0.0588096 0.0588096 0.0588096 0.0588096
0.0588096 0.0588096 0.0588096 0.0588096 0.0588096 0.0588096 0.0588096
0.0588096 0.0588096 0.0588096 0.0588096 0.0588096 0.0588096 0.0588096
0.0588096 0.0588096 0.0588096 0.0588096 0.0588096 0.0588096 0.0588096
0.0588096 0.0588096 0.0588096 0.0588096 0.0588096 0.0588096 0.0588096
0.0588096 0.0588096 0.0588096 0.0588096 0.0588096 0.0588096 0.0588096
0.0588096 0.0588096 0.0588096 0.0588096 0.0588096 0.0588096 0.0588096
0.0588096 0.0588096 0.0588096 0.0588096 0.0588096 0.0588096 0.0588096
0.0588096 0.0588096 0.0588096 0.0588096 0.0588096 0.0588096 0.0588096
0.0588096 0.0588096 0.0588096 0.0588096 0.0588096 0.0588096 0.0588096
0.0588096 0.0588096 0.0588096 0.0588096 0.0588096 0.0588096 0.0588096
0.0588096 0.0588096 0.0588096 0.0588096 0.0588096 0.0588096 0.0588096
0.0588096 0.0588096 0.0588096 0.0588096 0.0588096 0.0588096 0.0588096
0.0588096 0.0588096 0.0588096 0.0588096 0.0588096 0.0588096 0.0588096
0.0588096 0.0588096 0.0588096 0.0588096 0.0588096 0.0588096 0.0588096
0.0588096 0.0588096 0.0588096 0.0588096 0.0588096;
