1 leftright 0 0 0 () norm 0 0 5-parrrx1 319.179 () norm 0 0 5-parrrx2
1 () norm 0 0 5-parrrx3 0 () norm 0 0 5-parrrx4 59 () norm 0 0 5-parrrx5
1 () norm 0 0 5-parrrx6 0 () norm 0 0 5-parrrx7 127 () arr 0 0 5-parrray1
58.9647 62.5933 67.129 64.4075 57.1505 60.779 55.3362 46.2647 40.8219
42.6362 42.6362 39.9147 35.379 37.1933 32.6575 31.7504 33.5647 31.7504
30.8433 23.5862 23.5862 25.4004 23.5862 20.8647 21.7719 22.679 19.0504
21.7719 22.679 26.3075 30.8433 27.2147 34.4719 39.0075 32.6575 29.029
33.5647 40.8219 46.2647 46.2647 44.4505 53.5219 48.079 44.4505 49.8933
56.2433 61.6862 66.2219 75.2934 74.3862 94.3433 97.0647 98.879 103.415
97.0647 74.3862 58.9648 51.7077 50.8005 () norm 0 0 4-parrrx1 150.021
() norm 0 0 4-parrrx2 1 () norm 0 0 4-parrrx3 0 () norm 0 0 4-parrrx4
100 () norm 0 0 4-parrrx5 1 () norm 0 0 4-parrrx6 0 () norm 0 0 4-parrrx7
127 () arr 0 0 4-parrray1 48.079 47.1719 43.5432 45.3575 48.079 48.079
52.6147 56.2433 57.1504 50.8004 48.079 49.8933 56.2433 59.8719 64.4075
73.479 77.1075 70.7575 68.0362 58.9647 64.4075 69.8504 81.6433 90.7147
96.1577 99.7862 97.0647 94.3433 87.0862 78.9219 87.0862 97.0647 106.136
110.672 112.486 107.043 97.9719 101.601 107.043 110.672 112.486 106.136
106.136 108.858 107.951 105.229 96.1575 78.9219 61.6862 48.9862 54.429
61.6862 71.6647 95.2505 99.7862 93.4362 86.179 80.7362 88.9005 97.0647
101.601 102.508 107.951 108.858 104.322 101.6 97.9719 87.9933 83.9112
75.2934 66.2219 58.0575 47.1719 39.0075 35.379 36.2862 39.0075 41.729
49.8933 64.4075 81.6433 87.0862 78.9219 70.7575 68.0362 60.779 68.9433
72.5719 81.6433 87.0862 92.529 103.415 117.022 113.393 108.858 102.508
94.3433 89.8075 76.2005 60.779 () norm 0 0 1-parrrx1 150.021 () norm
0 0 1-parrrx2 1 () norm 0 0 1-parrrx3 0 () norm 0 0 1-parrrx4 100 ()
norm 0 0 1-parrrx5 1 () norm 0 0 1-parrrx6 0 () norm 0 0 1-parrrx7
127 () arr 0 0 1-parrray1 118.364 115.316 110.744 109.22 105.664 98.0442
94.4882 91.9481 85.3441 78.2321 91.9481 96.5201 100.076 104.648 108.712
111.252 88.9002 86.8682 87.3762 89.4082 93.9802 99.0602 99.0602 101.092
103.632 105.156 99.0602 94.4882 88.9002 85.3442 85.3442 82.2961 82.2961
81.7881 80.7721 74.1681 76.7081 80.7721 86.3601 102.616 117.856 114.808
102.108 92.9642 86.3601 81.2801 80.7721 81.2801 82.8041 83.8201 100.584
93.9802 89.9162 86.8681 84.3281 83.8201 84.8361 85.8521 87.3761 89.9162
92.4562 96.5202 104.14 107.188 108.712 110.236 112.268 116.84 120.396
122.428 120.396 117.856 119.38 119.888 120.904 121.92 121.92 121.412
122.428 121.412 122.936 120.396 121.412 122.936 119.888 118.872 108.712
110.744 109.22 102.108 89.9162 87.3762 71.12 68.58 70.104 75.184 79.248
90.4241 100.584 109.728 () norm 0 0 2-parrrx1 150.021 () norm 0 0 2-parrrx2
1 () norm 0 0 2-parrrx3 0 () norm 0 0 2-parrrx4 100 () norm 0 0 2-parrrx5
1 () norm 0 0 2-parrrx6 0 () norm 0 0 2-parrrx7 127 () arr 0 0 2-parrray1
92.4561 87.8841 79.7561 77.216 78.74 80.772 84.8361 89.9161 87.8841
86.8681 89.9161 94.4881 96.5201 94.4881 91.9481 89.9161 84.8361 84.8361
85.3441 86.8681 88.9001 89.4081 87.8841 84.328 80.772 77.724 65.024
57.404 59.944 71.628 79.248 83.82 84.328 79.248 74.676 63.5 53.848
55.372 55.372 56.388 61.468 75.184 82.8041 92.4561 89.4081 82.8041
73.152 55.88 42.164 37.084 42.672 49.784 57.404 54.864 49.784 56.388
59.436 65.532 69.596 72.644 80.772 92.9641 84.8361 79.2481 72.136 50.8
53.848 57.404 46.228 42.672 45.212 47.244 50.8 56.896 71.1201 75.6921
87.3761 81.7881 60.452 59.944 55.88 57.404 59.436 60.96 68.58 69.596
78.2321 85.8521 85.3441 100.584 102.616 99.5681 90.4241 87.3761 84.836
80.264 85.3441 90.4241 92.9641 96.0121 () norm 0 0 1-soutrx1 100 ()
norm 0 0 1-soutrx2 1 () norm 0 0 1-soutrx3 100 () norm 0 0 1-soutrx4
1 () norm 0 0 3-parrrx1 496.391 () norm 0 0 3-parrrx2 0 () norm 0 0
3-parrrx3 0 () norm 0 0 3-parrrx4 51 () norm 0 0 3-parrrx5 1 () norm
0 0 3-parrrx6 0 () norm 0 0 3-parrrx7 127 () arr 0 0 3-parrray1 0.907561
1.8147 12.7004 25.4004 33.5647 48.9862 59.8719 36.2862 16.329 2.72185
11.7933 21.7719 32.6575 41.729 48.079 54.429 62.5933 69.8505 78.9219
84.3647 88.9004 94.3432 98.879 103.415 110.672 115.208 120.65 121.558
116.115 107.043 98.879 83.4575 77.1075 80.7362 85.2719 91.6219 97.0647
104.322 115.208 119.743 117.929 109.765 102.508 93.4362 82.5504 65.3147
50.8004 32.6575 12.7004 0.00040451 0.907548 () norm 0 0 2-panrx1 0.992835
() norm 0 0 1-panrx1 0.00716535 () sym 0 0 1-lhfry1 kxpqwmk () sym
0 0 1-lhfry2 kxpqwmk () sym 0 0 1-lhfry3 kxpqwmk () sym 0 0 1-lhfry4
kxpqwmk () sym 0 0 1-lhfry5 kxpqwmk () sym 0 0 1-lhfry6 kxpqwmk ()
sym 0 0 1-lhfry7 kxpqwmk () sym 0 0 1-lhfry8 kxpqwmk () sym 0 0 1-lhfry9
kxpqwmk () sym 0 0 1-lhfry10 kxpqwmk () sym 0 0 1-lhfry11 kxpqwmk ()
sym 0 0 1-lhfry12 kxpqwmk () sym 0 0 1-lhfry13 kxpqwmk () sym 0 0 1-lhfry14
kxpqwmk () sym 0 0 1-lhfry15 kxpqwmk () sym 0 0 1-lhfry16 kxpqwmk ()
sym 0 0 1-lhfry17 kxpqwmk () sym 0 0 1-lhfry18 kxpqwmk () sym 0 0 1-lhfry19
kxpqwmk () sym 0 0 1-lhfry20 kxpqwmk () sym 0 0 1-lhfry21 kxpqwmk ()
sym 0 0 1-lhfry22 kxpqwmk () sym 0 0 1-lhfry23 kxpqwmk () sym 0 0 1-lhfry24
kxpqwmk () sym 0 0 1-lhfry25 kxpqwmk () sym 0 0 1-lhfry26 kxpqwmk ()
sym 0 0 1-lhfry27 kxpqwmk () sym 0 0 1-lhfry28 kxpqwmk () sym 0 0 1-lhfry29
kxpqwmk () sym 0 0 1-lhfry30 kxpqwmk () sym 0 0 1-lhfry31 kxpqwmk ()
sym 0 0 1-lhfry32 kxpqwmk () norm 0 0 1-lhfrx1 1 () norm 0 0 1-lhfrx2
96.016 () norm 0 0 1-lhfrx3 87.3016 () norm 0 0 1-lhfrx4 2 () norm
0 0 1-lhfrx5 1 () norm 0 0 1-lhfrx6 109.724 () norm 0 0 1-lhfrx7 80.9524
() norm 0 0 1-lhfrx8 4 () arr 0 0 1-lhfray1 () norm 0 0 1-filrx1 0.574803
() norm 0 0 1-filrx2 0.551181 () norm 0 0 1-filrx3 0.614173 () norm
0 0 1-filrx4 0.488189 () norm 0 0 1-filrx5 0.425197 () norm 0 0 1-filrx6
0.354331 () norm 0 0 1-filrx7 0.478583 () norm 0 0 1-filrx8 0.0472441
() norm 0 0 1-filrx9 20.0639 () norm 0 0 1-filrx10 0.905512 () norm
0 0 1-wavrx1 4 () norm 0 0 1-wavrx2 0 () norm 0 0 1-wavrx3 0 () norm
0 0 1-wavrx4 0.244094 () norm 0 0 1-wavrx5 0;
