1 flock 0 0 0 () norm 0 0 4-parrrx1 150.021 () norm 0 0 4-parrrx2 0
() norm 0 0 4-parrrx3 0 () norm 0 0 4-parrrx4 100 () norm 0 0 4-parrrx5
1 () norm 0 0 4-parrrx6 0 () norm 0 0 4-parrrx7 127 () arr 0 0 4-parrray1
77.9234 79.4474 78.4314 77.9234 76.9075 75.8915 75.3835 75.8915 75.8915
76.3995 76.9075 76.9075 75.3835 73.8595 73.8595 74.3675 74.3675 74.8755
76.3995 76.9075 76.9075 76.3995 75.8915 77.4155 79.9554 83.5114 86.5594
93.1633 92.6553 74.8755 75.3835 75.3835 76.3995 75.8915 73.3515 74.3675
74.8755 72.3355 67.7635 63.1916 61.1596 58.1116 56.0797 52.5237 53.0317
50.4917 53.5397 63.6996 68.2715 70.3035 71.3195 71.8275 73.3515 73.8595
74.3675 73.3515 71.8275 70.8115 69.7955 70.3035 71.8275 74.3675 80.9714
89.6073 104.847 109.927 113.991 73.3515 74.3675 74.3675 74.8755 78.4314
80.9714 83.0034 80.9714 81.4794 82.4954 83.0034 84.0194 85.0354 86.0514
88.0834 89.6073 90.6233 91.6393 93.1633 95.1953 97.7353 94.6873 89.6073
87.0674 85.0354 83.5114 77.4155 73.3515 73.8595 74.8755 74.8755 81.9874
75.3835 () norm 0 0 3-parrrx1 150.021 () norm 0 0 3-parrrx2 1 () norm
0 0 3-parrrx3 0 () norm 0 0 3-parrrx4 100 () norm 0 0 3-parrrx5 1 ()
norm 0 0 3-parrrx6 0 () norm 0 0 3-parrrx7 127 () arr 0 0 3-parrray1
55.5716 55.0636 54.0476 54.0476 53.5396 56.3336 52.0156 54.5556 55.0636
52.5236 54.5556 55.0636 60.6516 54.0476 54.5556 56.0796 58.1116 64.7155
59.6356 56.0796 55.0636 56.0796 56.5876 53.0316 59.1276 68.2715 66.2395
55.5716 53.0316 54.5556 54.0476 54.0476 55.0636 54.0476 53.0316 55.5716
61.1596 68.2715 63.6995 61.1596 56.5876 56.0796 58.1116 59.1276 62.6835
62.9375 49.4757 65.7315 65.2235 61.6676 60.1436 58.1116 58.1116 62.6835
71.3195 74.8754 80.9714 74.3674 64.2075 63.6995 58.6196 61.6675 58.6195
58.6195 61.1595 63.1915 69.2874 73.0974 83.5113 79.4473 73.3514 63.6995
57.0955 58.6195 59.1275 55.0635 54.0476 55.0635 56.5875 59.1275 60.1435
59.1275 56.0795 54.0476 52.0156 53.0316 54.0476 55.0635 55.8255 42.8717
42.8717 43.3796 43.8876 44.9036 45.9196 45.9196 46.4276 46.9356 48.4596
50.4916 () norm 0 0 2-parrrx1 150.021 () norm 0 0 2-parrrx2 0 () norm
0 0 2-parrrx3 0 () norm 0 0 2-parrrx4 100 () norm 0 0 2-parrrx5 1 ()
norm 0 0 2-parrrx6 0 () norm 0 0 2-parrrx7 127 () arr 0 0 2-parrray1
70.3035 70.3035 70.8115 72.3355 71.3195 70.3035 69.2875 70.3035 72.3355
72.8435 72.8435 70.3035 68.7795 68.7795 68.7795 68.2715 66.2395 65.7316
66.2395 66.2395 66.7475 65.2236 63.6996 64.7156 66.2395 66.7475 66.7475
65.2236 64.2076 65.2236 63.6996 64.2076 65.2236 65.7316 66.7475 66.7475
65.7316 64.7156 63.6996 63.1916 63.6996 64.0382 64.3769 64.7156 65.2236
65.7316 66.7475 67.0015 67.2555 67.6619 68.0683 68.4747 68.8811 69.2875
68.7795 67.2555 65.7316 64.7156 64.2076 64.2076 64.5462 64.8849 65.2236
65.7316 66.7475 67.2555 68.0175 68.7795 68.7795 69.7955 69.2875 67.7635
67.2555 67.7635 68.2715 69.2875 69.7955 70.3035 70.8115 66.2396 65.7316
66.7476 67.2555 67.7635 66.7476 66.7476 67.2555 67.2555 66.2396 64.7156
63.6996 64.2076 65.2236 64.2076 65.7316 66.2396 67.7635 66.2396 58.6196
64.7156 () norm 0 0 1-parrrx1 150.021 () norm 0 0 1-parrrx2 0 () norm
0 0 1-parrrx3 0 () norm 0 0 1-parrrx4 100 () norm 0 0 1-parrrx5 1 ()
norm 0 0 1-parrrx6 0 () norm 0 0 1-parrrx7 127 () arr 0 0 1-parrray1
50.4917 49.4757 50.4917 48.4597 48.9677 50.9997 48.9677 45.9197 43.8877
44.9037 46.9357 49.4757 49.4757 45.4117 39.3158 39.3158 42.8717 45.9197
50.9997 55.5716 50.9997 47.4437 50.4917 49.4757 44.3957 45.9197 47.9517
43.3797 41.8558 45.4117 45.9197 45.9197 44.9037 42.8717 40.3318 36.7758
32.2038 28.6479 24.5839 19.504 42.8717 42.8717 44.9037 42.8717 47.9517
54.0476 52.5236 46.9357 40.3317 41.3477 37.2838 42.3637 43.3797 39.8237
42.3637 41.8557 40.3317 37.2838 34.7438 32.7118 31.1878 30.1718 28.1398
28.1398 27.1239 25.0919 24.0759 22.5519 21.0279 19.5039 16.4559 13.408
44.3957 39.8238 40.3318 39.8238 40.8398 42.3638 13.916 16.964 19.504
22.044 24.5839 30.6799 39.8238 45.4117 35.7598 34.7438 37.2838 34.2358
29.1559 31.1879 29.6639 29.6639 30.1719 31.6959 34.7438 35.2518 36.7758
38.2998 () sym 0 0 1-grary1 waterdrop.wav () sym 0 0 1-grary2 kxpqwmk
() norm 0 0 1-grarx1 0 () norm 0 0 1-grarx2 100 () norm 0 0 1-grarx3
65.8265 () norm 0 0 1-grarx4 8 () norm 0 0 1-grarx5 260.882 () norm
0 0 1-grarx6 0.040404 () norm 0 0 1-grarx7 30.1417 () norm 0 0 1-grarx8
0.030303 () norm 0 0 1-grarx9 50.49 () norm 0 0 1-grarx10 0.147222
() norm 0 0 1-grarx11 0.160415 () norm 0 0 1-grarx12 0.199981 () norm
0 0 1-grarx13 0 () norm 0 0 1-grarx14 0 () norm 0 0 1-grarx15 2.77165
() norm 0 0 1-grarx16 69 () norm 0 0 1-grarx17 0 () norm 0 0 1-soutrx1
100 () norm 0 0 1-soutrx2 0.740157 () norm 0 0 1-soutrx3 100 () norm
0 0 1-soutrx4 0.740157;
2 slowmotion 0 0 0 () norm 0 0 4-parrrx1 150.021 () norm 0 0 4-parrrx2
0 () norm 0 0 4-parrrx3 0 () norm 0 0 4-parrrx4 100 () norm 0 0 4-parrrx5
1 () norm 0 0 4-parrrx6 0 () norm 0 0 4-parrrx7 127 () arr 0 0 4-parrray1
4.77221 3.75622 3.24822 3.24822 2.74023 2.23223 2.23223 1.72424 1.72424
1.72424 1.72424 3.24822 3.75622 3.75622 3.75622 3.75622 3.24822 3.24822
3.24822 2.74023 2.74023 2.74023 3.24822 3.24822 3.75622 3.75622 4.26421
4.77221 4.26421 4.26421 4.26421 4.26421 4.26421 4.26421 4.77221 4.77221
4.77221 5.2802 5.2802 5.7882 5.7882 6.29619 6.29619 6.80419 6.80419
7.31218 7.31218 7.31218 7.31218 6.80419 6.29619 6.29619 6.29619 5.7882
5.7882 5.7882 6.29619 6.29619 6.29619 6.29619 5.2802 5.2802 4.77221
4.77221 4.77221 5.2802 5.2802 5.2802 4.77221 4.77221 4.26421 3.92555
3.58689 3.24822 3.24822 3.75622 4.26421 4.26421 4.77221 5.2802 6.29619
6.29619 7.31218 7.82018 8.83616 9.85215 10.3601 11.8841 12.9001 14.4241
15.4401 16.4561 16.9641 17.4721 17.9801 18.4881 18.9961 20.0121 20.5201
20.5201 () norm 0 0 3-parrrx1 150.021 () norm 0 0 3-parrrx2 0 () norm
0 0 3-parrrx3 0 () norm 0 0 3-parrrx4 100 () norm 0 0 3-parrrx5 1 ()
norm 0 0 3-parrrx6 0 () norm 0 0 3-parrrx7 127 () arr 0 0 3-parrray1
50.9996 49.9837 49.9837 50.4916 50.9996 50.9996 50.4916 50.4916 50.4916
50.4916 49.9837 49.9837 50.9996 50.4916 50.4916 50.4916 49.9837 49.9837
49.9837 49.4757 48.9677 48.9677 48.4597 48.4597 47.4437 47.4437 46.9357
46.4277 46.4277 45.9197 45.4117 45.4117 44.9037 44.9037 44.3957 44.3957
43.8877 43.8877 43.8877 43.8877 43.8877 43.8877 43.8877 44.3957 44.9037
44.9037 44.9037 45.4117 45.4117 44.9037 44.9037 44.9037 45.4117 46.4277
46.9357 46.9357 46.9357 46.9357 47.4437 47.9517 47.9517 47.4437 46.4277
45.9197 45.4117 45.9197 46.9357 47.4437 47.4437 47.4437 47.4437 47.4437
47.4437 47.9517 48.4597 48.4597 48.9677 49.4757 49.4757 49.9837 49.9837
50.4916 50.4916 50.4916 50.9996 51.5076 52.5236 52.5236 53.5396 53.5396
54.0476 53.5396 54.0476 54.0476 55.0636 56.0796 57.0956 57.0956 56.5876
56.5876 () norm 0 0 2-parrrx1 230.572 () norm 0 0 2-parrrx2 0 () norm
0 0 2-parrrx3 0 () norm 0 0 2-parrrx4 100 () norm 0 0 2-parrrx5 1 ()
norm 0 0 2-parrrx6 0 () norm 0 0 2-parrrx7 127 () arr 0 0 2-parrray1
105.355 105.863 105.355 104.847 104.847 104.847 105.355 105.355 105.355
105.355 105.355 105.863 105.863 106.371 107.387 107.387 107.387 107.387
106.879 106.879 106.879 106.879 107.387 107.895 107.895 108.403 108.403
108.403 107.895 107.895 107.895 108.403 108.403 108.911 108.911 109.419
109.419 109.927 109.927 110.943 110.943 111.451 111.451 111.451 110.943
109.419 109.419 109.25 109.081 108.911 108.403 108.403 108.403 108.403
108.403 108.403 108.403 108.911 109.419 109.419 109.419 109.673 109.927
110.435 110.435 110.943 110.943 110.943 110.435 109.927 109.419 107.895
105.863 105.863 105.355 103.831 102.815 102.307 100.275 98.7513 96.7193
94.6873 93.1633 92.1473 90.6233 90.1153 89.6073 89.0993 88.5914 89.6073
90.6233 91.1313 92.6553 93.1633 93.6713 95.1953 96.7193 97.2273 97.7353
99.2593 () norm 0 0 1-parrrx1 150.021 () norm 0 0 1-parrrx2 0 () norm
0 0 1-parrrx3 0 () norm 0 0 1-parrrx4 100 () norm 0 0 1-parrrx5 1 ()
norm 0 0 1-parrrx6 0 () norm 0 0 1-parrrx7 127 () arr 0 0 1-parrray1
28.1399 26.6159 25.5999 25.5999 26.1079 26.1079 24.5839 25.5999 26.1079
24.0759 21.0279 19.504 17.98 16.456 12.392 5.78809 8.32806 12.392 16.456
20.5199 23.0599 22.0439 20.5199 21.0279 20.5199 20.5199 21.0279 18.488
15.44 9.85205 4.7721 3.75611 7.31207 10.36 14.424 19.504 24.0759 29.1559
29.6639 27.6319 30.6799 31.6958 34.2358 36.2678 31.1879 26.6159 22.5519
16.456 9.34407 10.3601 10.3601 9.85207 11.376 22.0439 22.0439 16.964
13.916 9.34407 8.32808 4.26412 3.24813 3.24813 2.74014 1.72415 1.21615
1.72415 2.74014 3.75613 4.77212 6.2961 7.31209 9.34407 10.3601 12.9
14.424 15.948 18.488 20.52 23.5679 27.6319 31.1879 34.2358 30.6799
20.012 14.932 10.3601 7.31211 21.028 25.0919 29.6639 33.2199 35.2518
31.1879 21.536 13.4081 8.8361 4.26415 7.82011 14.932 17.98 () sym 0
0 1-grary1 waterdrop.wav () sym 0 0 1-grary2 kxpqwmk () norm 0 0 1-grarx1
0 () norm 0 0 1-grarx2 100 () norm 0 0 1-grarx3 25.5115 () norm 0 0
1-grarx4 0 () norm 0 0 1-grarx5 399.028 () norm 0 0 1-grarx6 0.040404
() norm 0 0 1-grarx7 14.1496 () norm 0 0 1-grarx8 0.0555556 () norm
0 0 1-grarx9 56.59 () norm 0 0 1-grarx10 0.0400758 () norm 0 0 1-grarx11
0.294052 () norm 0 0 1-grarx12 0.199981 () norm 0 0 1-grarx13 0 ()
norm 0 0 1-grarx14 0 () norm 0 0 1-grarx15 1 () norm 0 0 1-grarx16
69 () norm 0 0 1-grarx17 0 () norm 0 0 1-soutrx1 100 () norm 0 0 1-soutrx2
0.740157 () norm 0 0 1-soutrx3 100 () norm 0 0 1-soutrx4 0.740157;
