1 simrhythm 0 0 0 () norm 0 0 1-sqlrx1 0 () norm 0 0 1-sqlrx2 8 ()
norm 0 0 1-sqlrx3 0.0793651 () norm 0 0 1-sqlrx4 0 () norm 0 0 1-sqlrx5
2 () norm 0 0 1-sqlrx6 0 () norm 0 0 1-sqlrx7 0.569098 () norm 0 0
1-sqlrx8 0 () norm 0 0 1-sqlrx9 0 () arr 0 0 1-sqlray1 1 0 3 0 0 0.242863
0 16 9 0 0 0 0 0 0 0 17 0 0 0 0 0 0 0 1 0 3 4 5 6 0 16 0 127 0 0 127
0 0 127 0 127 0 0 127 0 0 127 1 0 3 4 5 6 0 16 0 0 127 0 0 127 127
0 0 0 127 0 0 127 127 0 0 0 3 4 5 6 0 16 0 0 0 0 0 0 0 0 0 0 0 0 0
0 0 0 0 0 3 4 5 6 0 16 0 0 0 0 0 0 0 0 0 0 0 0 0 0 0 0 0 0 3 4 5 6
0 16 0 0 0 0 0 0 0 0 0 0 0 0 0 0 0 0 1 0 3 0 0 0.992627 0 16 0 0 127
0 13 0 0 0 0 0 19 0 21 0 0 0 1 0 3 4 5 6 0 16 0 127 0 0 0 127 0 0 0
127 0 0 0 127 0 0 1 0 3 4 5 6 0 16 127 0 0 0 0 0 127 0 127 0 0 0 0
0 127 0 0 0 3 4 5 6 0 16 0 0 0 0 0 0 0 0 0 0 0 0 0 0 0 0 0 0 3 4 5
6 0 16 0 0 0 0 0 0 0 0 0 0 0 0 0 0 0 0 0 0 3 4 5 6 0 16 0 0 0 0 0 0
0 0 0 0 0 0 0 0 0 0 1 0 3 0 0 0.548745 0.380952 8 9 127 0 127 13 127
0 127 17 0 19 19 0 127 127 24 1 0 3 4 5 6 0 8 127 0 0 0 0 0 127 0 127
0 0 0 0 0 127 0 1 0 3 4 5 6 0 8 127 0 0 0 0 127 0 127 127 0 0 0 0 127
0 127 0 0 3 4 5 6 0 8 0 0 0 0 0 0 0 0 0 0 0 0 0 0 0 0 0 0 3 4 5 6 0
8 0 0 0 0 0 0 0 0 0 0 0 0 0 0 0 0 0 0 3 4 5 6 0 8 0 0 0 0 0 0 0 0 0
0 0 0 0 0 0 0 1 0 3 0 0 0.548745 0.0634921 16 0 0 0 0 0 0 0 0 0 0 0
0 0 0 0 0 1 0 3 4 5 6 0 16 0 127 0 0 127 0 127 0 0 127 0 0 127 0 127
0 1 0 3 4 5 6 0.349206 16 127 0 127 127 0 127 127 127 127 0 127 127
127 0 127 127 0 0 3 4 5 6 0 16 0 0 0 0 0 0 0 0 0 0 0 0 0 0 0 0 0 0
3 4 5 6 0 16 0 0 0 0 0 0 0 0 0 0 0 0 0 0 0 0 0 0 3 4 5 6 0 16 0 0 0
0 0 0 0 0 0 0 0 0 0 0 0 0 1 0 3 0 1 0.325216 0 16 9 0 0 127 13 127
127 127 17 127 19 19 21 127 0 0 1 0 3 4 5 6 0 16 0 127 127 0 127 127
127 127 127 127 19 127 127 0 127 127 1 0 3 4 5 6 0 16 0 0 0 0 0 0 127
127 127 127 127 127 0 0 0 0 1 0 3 4 5 6 0 16 0 0 0 0 0 0 0 127 127
127 127 0 0 0 0 0 1 0 3 4 5 6 0 16 0 0 0 0 0 0 0 0 127 127 0 0 0 0
0 0 1 0 3 4 5 6 0 16 0 0 0 0 0 0 0 0 127 0 0 0 0 0 0 0 1 0 3 1.5748
1 0.721294 0 16 9 0 0 127 13 127 127 127 17 127 19 19 21 127 0 0 0
0 3 4 5 6 0 14 0 127 127 0 127 127 127 127 127 127 19 127 127 0 127
127 1 0 3 4 5 6 0 12 0 0 0 0 0 0 127 127 127 127 127 127 0 0 0 0 0
0 3 4 5 6 0 10 0 0 0 0 0 0 0 127 127 127 127 0 0 0 0 0 1 0 3 4 5 6
0 8 0 0 0 0 0 0 0 0 127 127 0 0 0 0 0 0 0 0 3 4 5 6 0 6 0 0 0 0 0 0
0 0 127 0 0 0 0 0 0 0 0 0 0 0 0 0 0 0 0 0 0 0 0 0 0 0 0 0 0 0 0 0 0
0 0 0 0 0 0 0 0 0 0 0 0 0 0 0 0 0 0 0 0 0 0 0 0 0 0 0 0 0 0 0 0 0 0
0 0 0 0 0 0 0 0 0 0 0 0 0 0 0 0 0 0 0 0 0 0 0 0 0 0 0 0 0 0 0 0 0 0
0 0 0 0 0 0 0 0 0 0 0 0 0 0 0 0 0 0 0 0 0 0 0 0 0 0 0 0 0 0 0 0 0 0
0 0 0 0 0 0 0 0 0 0 0 0 0 0 0 0 0 0 0 0 0 0 0 0 0 0 0 0 0 0 0 0 0 0
0 0 0 0 0 0 0 0 0 0 0 0 0 0 0 0 0 0 0 0 0 0 0 0 0 0 0 0 0 0 0 0 0 0
0 0 0 0 0 0 0 0 0 0 0 0 0 0 0 0 0 0 0 0 0 0 0 0 0 0 0 0 0 0 0 0 0 0
0 0 0 0 0 0 0 0 0 0 0 0 0 0 0 0 0 0 0 0 0 0 0 0 0 0 0 0 0 0 0 0 0 0
0 0 0 0 0 0 0 0 0 0 0 0 0 0 0 0 0 0 0 0 0 0 0 0 0 0 0 0 0 0 0 0 0 0
0 0 0 0 0 0 0 0 0 0 0 0 0 0 0 0 0 0 0 0 0 0 0 0 0 0 0 0 0 0 0 0 0 0
0 0 0 0 0 0 0 0 0 0 0 0 0 0 0 0 0 0 0 0 0 0 0 0 0 0 0 0 0 0 0 0 0 0
0 0 0 0 0 0 0 0 0 0 0 0 0 0 0 0 0 0 0 0 0 0 0 0 0 0 0 0 0 0 0 0 0 0
0 0 0 0 0 0 0 0 0 0 0 0 0 0 0 0 0 0 0 0 0 0 0 0 0 0 0 0 0 0 0 0 0 0
0 0 0 0 0 0 0 0 0 0 0 0 0 0 0 0 0 0 0 0 0 0 0 0 0 0 0 0 0 0 0 0 0 0
0 0 0 0 0 0 0 0 0 0 0 0 0 0 0 0 0 0 0 0 0 0 0 0 0 0 0 0 0 0 0 0 0 0
0 0 0 0 0 0 0 0 0 0 0 0 0 0 0 0 0 0 0 0 0 0 0 0 0 0 0 0 0 0 0 0 0 0
0 0 0 0 0 0 0 0 0 0 0 0 0 0 0 0 0 0 0 0 0 0 0 0 0 0 0 0 0 0 0 0 0 0
0 0 0 0 0 0 0 0 0 0 0 0 0 0 0 0 0 0 0 0 0 0 0 0 0 0 0 0 0 0 0 0 0 0
0 0 0 0 0 0 0 0 0 0 0 0 0 0 0 0 0 0 0 0 0 0 0 0 0 0 0 0 0 0 0 0 0 0
0 0 0 0 0 0 0 0 0 0 0 0 0 0 0 0 0 0 0 0 0 0 0 0 0 0 0 0 0 0 0 0 0 0
0 0 0 0 0 0 0 0 0 0 0 0 0 0 0 0 0 0 0 0 0 0 0 0 0 0 0 0 0 0 0 0 0 0
0 0 0 0 0 0 0 0 0 0 0 0 0 0 0 0 0 0 0 0 0 0 0 0 0 0 0 0 0 0 0 0 0 0
0 0 0 0 0 0 0 0 0 0 0 0 0 0 0 0 0 0 0 0 0 0 0 0 0 0 0 0 0 0 0 0 0 0
0 0 0 0 0 0 0 0 0 0 0 0 0 0 0 0 0 0 0 0 0 0 0 0 0 0 0 0 0 0 0 0 0 0
0 0 0 0 0 0 0 0 0 0 0 0 0 0 0 0 0 0 0 0 0 0 0 0 0 0 0 0 0 0 0 0 0 0
0 0 0 0 0 0 0 0 0 0 0 0 0 0 0 0 0 0 0 0 0 0 0 0 0 0 0 0 0 0 0 0 0 0
0 0 0 0 0 0 0 0 0 0 0 0 0 0 0 0 0 0 0 0 0 0 0 0 0 0 0 0 0 0 0 0 0 0
0 0 0 0 0 0 0 0 0 0 0 0 0 0 0 0 0 0 0 0 0 0 0 0 0 0 0 0 0 0 0 0 0 0
0 0 0 0 0 0 0 0 0 0 0 0 0 0 0 0 0 0 0 0 0 0 0 0 0 0 0 0 0 0 0 0 0 0
0 0 0 0 0 0 0 0 0 0 0 0 0 0 0 0 0 0 0 0 0 0 0 0 0 0 0 0 0 0 0 0 0 0
0 0 0 0 0 0 0 0 0 0 0 0 0 0 0 0 0 0 0 0 0 0 0 0 0 0 0 0 0 0 0 0 0 0
0 0 0 0 0 0 0 0 0 0 0 0 0 0 0 0 0 0 0 0 0 0 0 0 0 0 0 0 0 0 0 0 0 0
0 0 0 0 0 0 0 0 0 0 0 0 0 0 0 0 0 0 0 0 0 0 0 0 0 0 0 0 0 0 0 0 0 0
0 0 0 0 0 0 0 0 0 0 0 0 0 0 0 0 0 0 0 0 0 0 0 0 0 0 0 0 0 0 0 0 0 0
0 0 0 0 0 0 0 0 0 0 0 0 0 0 0 0 0 0 0 0 0 0 0 0 0 0 0 0 0 0 0 0 0 0
0 0 0 0 0 0 0 0 0 0 0 0 0 0 0 0 0 0 0 0 0 0 0 0 0 0 0 0 0 0 0 0 0 0
0 0 0 0 0 0 0 0 0 0 0 0 0 0 0 0 0 0 0 0 0 0 0 0 0 0 0 0 0 0 0 0 0 0
0 0 0 0 0 0 0 0 0 0 0 0 0 0 0 0 0 0 0 0 0 0 0 0 0 0 0 0 0 0 0 0 0 0
0 0 0 0 0 0 0 0 0 0 0 0 0 0 0 0 0 0 0 0 0 0 0 0 0 0 0 0 0 0 0 0 0 0
0 0 0 0 0 0 0 0 0 0 0 0 0 0 0 0 0 0 0 0 0 0 0 0 0 0 0 0 0 0 0 0 0 0
0 0 0 0 0 0 0 0 0 0 0 0 0 0 0 0 0 0 0 0 0 0 0 0 0 0 0 0 0 0 0 0 0 0
0 0 0 0 0 0 0 0 0 0 0 0 0 0 0 0 0 0 0 0 0 0 0 0 0 0 0 0 0 0 0 0 0 0
0 0 0 0 0 0 0 0 0 0 0 0 0 0 0 0 0 0 0 0 0 0 0 0 () sym 0 0 3-samry1
slap.wav () sym 0 0 3-samry2 kxpqwmk () sym 0 0 3-samry3 kxpqwmk ()
norm 0 0 3-samrx1 22 () norm 0 0 3-samrx2 0 () norm 0 0 3-samrx3 0.553175
() norm 0 0 3-samrx4 0 () norm 0 0 3-samrx5 0 () norm 0 0 3-samrx6
0 () norm 0 0 3-samrx7 0 () norm 0 0 3-samrx8 0 () sym 0 0 2-samry1
waterdrop.wav () sym 0 0 2-samry2 kxpqwmk () sym 0 0 2-samry3 kxpqwmk
() norm 0 0 2-samrx1 28 () norm 0 0 2-samrx2 0 () norm 0 0 2-samrx3
0.616667 () norm 0 0 2-samrx4 0 () norm 0 0 2-samrx5 0 () norm 0 0
2-samrx6 0 () norm 0 0 2-samrx7 0 () norm 0 0 2-samrx8 0 () sym 0 0
1-samry1 whip.wav () sym 0 0 1-samry2 kxpqwmk () sym 0 0 1-samry3 kxpqwmk
() norm 0 0 1-samrx1 10 () norm 0 0 1-samrx2 0 () norm 0 0 1-samrx3
0.616667 () norm 0 0 1-samrx4 0 () norm 0 0 1-samrx5 0 () norm 0 0
1-samrx6 0 () norm 0 0 1-samrx7 0 () norm 0 0 1-samrx8 0;
2 tempopattern 0 0 0 () norm 0 0 1-sqlrx1 0 () norm 0 0 1-sqlrx2 12
() norm 0 0 1-sqlrx3 0.0793651 () norm 0 0 1-sqlrx4 0 () norm 0 0 1-sqlrx5
1 () norm 0 0 1-sqlrx6 1 () norm 0 0 1-sqlrx7 0.242863 () norm 0 0
1-sqlrx8 0 () norm 0 0 1-sqlrx9 0 () arr 0 0 1-sqlray1 1 0 3 0 1 0.242863
0 16 9 0 0 0 13 0 0 0 0 0 19 0 21 0 0 0 1 0 3 4 5 6 0 16 127 0 0 0
0 127 0 0 0 127 0 0 0 127 127 127 1 0 3 4 5 6 0 16 127 127 127 127
127 0 127 0 0 127 127 0 127 0 0 0 0 0 3 4 5 6 0 16 0 0 0 0 0 0 0 0
0 0 0 0 0 0 0 0 0 0 3 4 5 6 0 16 0 0 0 0 0 0 0 0 0 0 0 0 0 0 0 0 0
0 3 4 5 6 0 16 0 0 0 0 0 0 0 0 0 0 0 0 0 0 0 0 1 0 3 0 1 0.74298 0
12 9 0 0 0 0 0 0 0 0 0 0 0 0 0 0 0 1 0 3 4 5 6 0 12 0 127 0 127 0 0
127 0 0 127 0 127 0 0 0 0 1 0 3 4 5 6 0 12 127 0 127 0 127 127 0 127
127 0 127 0 0 0 0 0 0 0 3 4 5 6 0 12 0 0 0 0 0 0 0 0 0 0 0 0 0 0 0
0 0 0 3 4 5 6 0 12 0 0 0 0 0 0 0 0 0 0 0 0 0 0 0 0 0 0 3 4 5 6 0 12
0 0 0 0 0 0 0 0 0 0 0 0 0 0 0 0 1 0 3 0 1 0.992157 0 16 0 0 127 0 13
0 0 0 0 0 0 0 0 0 127 0 1 0 3 4 5 6 0.253968 16 127 127 0 127 0 127
127 127 0 127 19 127 127 127 127 0 1 0 3 4 5 6 0.047619 16 0 0 0 0
127 0 0 0 127 0 0 0 127 127 127 0 0 0 3 4 5 6 0 16 0 0 0 0 0 0 0 0
0 0 0 0 0 0 0 0 0 0 3 4 5 6 0 16 0 0 0 0 0 0 0 0 0 0 0 0 0 0 0 0 0
0 3 4 5 6 0 16 0 0 0 0 0 0 0 0 0 0 0 0 0 0 0 0 1 0 3 0 1 0.992157 0.0634921
16 0 0 127 0 13 0 0 0 0 0 0 0 0 0 127 0 1 38.0952 3 4 5 6 0.0952381
16 127 127 0 127 0 127 127 127 0 127 19 127 127 127 127 0 1 0 3 4 5
6 0.444444 16 0 0 0 0 127 0 0 127 127 0 0 0 127 127 127 0 0 0 3 4 5
6 0 16 0 0 0 0 0 0 0 0 0 0 0 0 0 0 0 0 0 0 3 4 5 6 0 16 0 0 0 0 0 0
0 0 0 0 0 0 0 0 0 0 0 0 3 4 5 6 0 16 0 0 0 0 0 0 0 0 0 0 0 0 0 0 0
0 1 0 3 0 1 0.325216 0 16 9 0 0 127 13 127 127 127 17 127 19 19 21
127 0 0 1 0 3 4 5 6 0 16 0 127 127 0 127 127 127 127 127 127 19 127
127 0 127 127 1 0 3 4 5 6 0 16 0 0 0 0 0 0 127 127 127 127 127 127
0 0 0 0 1 0 3 4 5 6 0 16 0 0 0 0 0 0 0 127 127 127 127 0 0 0 0 0 1
0 3 4 5 6 0 16 0 0 0 0 0 0 0 0 127 127 0 0 0 0 0 0 1 0 3 4 5 6 0 16
0 0 0 0 0 0 0 0 127 0 0 0 0 0 0 0 1 0 3 1.5748 1 0.721294 0 16 9 0
0 127 13 127 127 127 17 127 19 19 21 127 0 0 0 0 3 4 5 6 0 14 0 127
127 0 127 127 127 127 127 127 19 127 127 0 127 127 1 0 3 4 5 6 0 12
0 0 0 0 0 0 127 127 127 127 127 127 0 0 0 0 0 0 3 4 5 6 0 10 0 0 0
0 0 0 0 127 127 127 127 0 0 0 0 0 1 0 3 4 5 6 0 8 0 0 0 0 0 0 0 0 127
127 0 0 0 0 0 0 0 0 3 4 5 6 0 6 0 0 0 0 0 0 0 0 127 0 0 0 0 0 0 0 0
0 0 0 0 0 0 0 0 0 0 0 0 0 0 0 0 0 0 0 0 0 0 0 0 0 0 0 0 0 0 0 0 0 0
0 0 0 0 0 0 0 0 0 0 0 0 0 0 0 0 0 0 0 0 0 0 0 0 0 0 0 0 0 0 0 0 0 0
0 0 0 0 0 0 0 0 0 0 0 0 0 0 0 0 0 0 0 0 0 0 0 0 0 0 0 0 0 0 0 0 0 0
0 0 0 0 0 0 0 0 0 0 0 0 0 0 0 0 0 0 0 0 0 0 0 0 0 0 0 0 0 0 0 0 0 0
0 0 0 0 0 0 0 0 0 0 0 0 0 0 0 0 0 0 0 0 0 0 0 0 0 0 0 0 0 0 0 0 0 0
0 0 0 0 0 0 0 0 0 0 0 0 0 0 0 0 0 0 0 0 0 0 0 0 0 0 0 0 0 0 0 0 0 0
0 0 0 0 0 0 0 0 0 0 0 0 0 0 0 0 0 0 0 0 0 0 0 0 0 0 0 0 0 0 0 0 0 0
0 0 0 0 0 0 0 0 0 0 0 0 0 0 0 0 0 0 0 0 0 0 0 0 0 0 0 0 0 0 0 0 0 0
0 0 0 0 0 0 0 0 0 0 0 0 0 0 0 0 0 0 0 0 0 0 0 0 0 0 0 0 0 0 0 0 0 0
0 0 0 0 0 0 0 0 0 0 0 0 0 0 0 0 0 0 0 0 0 0 0 0 0 0 0 0 0 0 0 0 0 0
0 0 0 0 0 0 0 0 0 0 0 0 0 0 0 0 0 0 0 0 0 0 0 0 0 0 0 0 0 0 0 0 0 0
0 0 0 0 0 0 0 0 0 0 0 0 0 0 0 0 0 0 0 0 0 0 0 0 0 0 0 0 0 0 0 0 0 0
0 0 0 0 0 0 0 0 0 0 0 0 0 0 0 0 0 0 0 0 0 0 0 0 0 0 0 0 0 0 0 0 0 0
0 0 0 0 0 0 0 0 0 0 0 0 0 0 0 0 0 0 0 0 0 0 0 0 0 0 0 0 0 0 0 0 0 0
0 0 0 0 0 0 0 0 0 0 0 0 0 0 0 0 0 0 0 0 0 0 0 0 0 0 0 0 0 0 0 0 0 0
0 0 0 0 0 0 0 0 0 0 0 0 0 0 0 0 0 0 0 0 0 0 0 0 0 0 0 0 0 0 0 0 0 0
0 0 0 0 0 0 0 0 0 0 0 0 0 0 0 0 0 0 0 0 0 0 0 0 0 0 0 0 0 0 0 0 0 0
0 0 0 0 0 0 0 0 0 0 0 0 0 0 0 0 0 0 0 0 0 0 0 0 0 0 0 0 0 0 0 0 0 0
0 0 0 0 0 0 0 0 0 0 0 0 0 0 0 0 0 0 0 0 0 0 0 0 0 0 0 0 0 0 0 0 0 0
0 0 0 0 0 0 0 0 0 0 0 0 0 0 0 0 0 0 0 0 0 0 0 0 0 0 0 0 0 0 0 0 0 0
0 0 0 0 0 0 0 0 0 0 0 0 0 0 0 0 0 0 0 0 0 0 0 0 0 0 0 0 0 0 0 0 0 0
0 0 0 0 0 0 0 0 0 0 0 0 0 0 0 0 0 0 0 0 0 0 0 0 0 0 0 0 0 0 0 0 0 0
0 0 0 0 0 0 0 0 0 0 0 0 0 0 0 0 0 0 0 0 0 0 0 0 0 0 0 0 0 0 0 0 0 0
0 0 0 0 0 0 0 0 0 0 0 0 0 0 0 0 0 0 0 0 0 0 0 0 0 0 0 0 0 0 0 0 0 0
0 0 0 0 0 0 0 0 0 0 0 0 0 0 0 0 0 0 0 0 0 0 0 0 0 0 0 0 0 0 0 0 0 0
0 0 0 0 0 0 0 0 0 0 0 0 0 0 0 0 0 0 0 0 0 0 0 0 0 0 0 0 0 0 0 0 0 0
0 0 0 0 0 0 0 0 0 0 0 0 0 0 0 0 0 0 0 0 0 0 0 0 0 0 0 0 0 0 0 0 0 0
0 0 0 0 0 0 0 0 0 0 0 0 0 0 0 0 0 0 0 0 0 0 0 0 0 0 0 0 0 0 0 0 0 0
0 0 0 0 0 0 0 0 0 0 0 0 0 0 0 0 0 0 0 0 0 0 0 0 0 0 0 0 0 0 0 0 0 0
0 0 0 0 0 0 0 0 0 0 0 0 0 0 0 0 0 0 0 0 0 0 0 0 0 0 0 0 0 0 0 0 0 0
0 0 0 0 0 0 0 0 0 0 0 0 0 0 0 0 0 0 0 0 0 0 0 0 0 0 0 0 0 0 0 0 0 0
0 0 0 0 0 0 0 0 0 0 0 0 0 0 0 0 0 0 0 0 0 0 0 0 0 0 0 0 0 0 0 0 0 0
0 0 0 0 0 0 0 0 0 0 0 0 0 0 0 0 0 0 0 0 0 0 0 0 0 0 0 0 0 0 0 0 0 0
0 0 0 0 0 0 0 0 0 0 0 0 0 0 0 0 0 0 0 0 0 0 0 0 0 0 0 0 0 0 0 0 0 0
0 0 0 0 0 0 0 0 0 0 0 0 0 0 0 0 0 0 0 0 0 0 0 0 0 0 0 0 0 0 0 0 0 0
0 0 0 0 0 0 0 0 0 0 0 0 0 0 0 0 0 0 0 0 0 0 0 0 0 0 0 0 0 0 0 0 0 0
0 0 0 0 0 0 0 0 0 0 0 0 0 0 0 0 0 0 0 0 0 0 0 0 0 0 0 0 0 0 0 0 0 0
0 0 0 0 0 0 0 0 0 0 0 0 0 0 0 0 0 0 0 0 0 0 0 0 0 0 0 0 0 0 0 0 0 0
0 0 0 0 0 0 0 0 0 0 0 0 0 0 0 0 0 0 0 0 0 0 0 0 0 0 0 0 0 0 0 0 0 0
0 0 0 0 0 0 0 0 0 0 0 0 0 0 0 0 0 0 0 0 0 0 0 0 0 0 0 0 0 0 0 0 0 0
0 0 0 0 0 0 0 0 0 0 0 0 0 0 0 0 0 0 0 0 0 0 0 0 0 0 0 0 0 0 0 0 0 0
0 0 0 0 0 0 0 0 0 0 0 0 0 0 0 0 0 0 0 0 0 0 0 0 0 0 0 0 0 0 0 0 0 0
0 0 0 0 0 0 0 0 0 0 0 0 () sym 0 0 3-samry1 slap.wav () sym 0 0 3-samry2
kxpqwmk () sym 0 0 3-samry3 kxpqwmk () norm 0 0 3-samrx1 22 () norm
0 0 3-samrx2 0 () norm 0 0 3-samrx3 0.553175 () norm 0 0 3-samrx4 0
() norm 0 0 3-samrx5 0 () norm 0 0 3-samrx6 0 () norm 0 0 3-samrx7
0 () norm 0 0 3-samrx8 0 () sym 0 0 2-samry1 waterdrop.wav () sym 0
0 2-samry2 kxpqwmk () sym 0 0 2-samry3 kxpqwmk () norm 0 0 2-samrx1
28 () norm 0 0 2-samrx2 0 () norm 0 0 2-samrx3 0.616667 () norm 0 0
2-samrx4 0 () norm 0 0 2-samrx5 0 () norm 0 0 2-samrx6 0 () norm 0
0 2-samrx7 0 () norm 0 0 2-samrx8 0 () sym 0 0 1-samry1 whip.wav ()
sym 0 0 1-samry2 kxpqwmk () sym 0 0 1-samry3 kxpqwmk () norm 0 0 1-samrx1
10 () norm 0 0 1-samrx2 0 () norm 0 0 1-samrx3 0.616667 () norm 0 0
1-samrx4 0 () norm 0 0 1-samrx5 0 () norm 0 0 1-samrx6 0 () norm 0
0 1-samrx7 0 () norm 0 0 1-samrx8 0;
