1 triptrop 0 0 0 () norm 0 0 1-panrx1 0.456693 () sym 0 0 3-sapry1
slap.wav () norm 0 0 3-saprx1 60 () norm 0 0 3-saprx2 1 () norm 0 0
3-saprx3 127 () norm 0 0 3-saprx4 1 () norm 0 0 3-saprx5 0.424242 ()
sym 0 0 2-sapry1 waterdrop.wav () norm 0 0 2-saprx1 60 () norm 0 0
2-saprx2 1 () norm 0 0 2-saprx3 127 () norm 0 0 2-saprx4 0 () norm
0 0 2-saprx5 0.737374 () sym 0 0 1-sapry1 whip.wav () norm 0 0 1-saprx1
60 () norm 0 0 1-saprx2 1 () norm 0 0 1-saprx3 127 () norm 0 0 1-saprx4
0 () norm 0 0 1-saprx5 0.50505 () norm 0 0 1-sqnrx1 1 () norm 0 0 1-sqnrx2
16 () norm 0 0 1-sqnrx3 0 () norm 0 0 1-sqnrx4 0 () norm 0 0 1-sqnrx5
2 () norm 0 0 1-sqnrx6 0 () norm 0 0 1-sqnrx7 0.626353 () norm 0 0
1-sqnrx8 0 () norm 0 0 1-sqnrx9 0 () arr 0 0 1-sqnray1 1 0 3 0 0 0.567529
0.047619 16 72 0 74 0 76 75 0 0 0 84 76 72 0 67 0 67 1 0 3 4 5 6 0
8 0 74 0 0 69 0 72 78 0 0 0 0 0 0 0 0 1 0 3 4 5 6 0 16 72 0 0 0 0 0
84 0 86 0 0 0 86 0 86 0 0 0 3 4 5 6 0 16 0 0 0 0 0 0 0 0 0 0 0 0 0
0 0 0 0 0 3 4 5 6 0 16 0 0 0 0 0 0 0 0 0 0 0 0 0 0 0 0 0 0 3 4 5 6
0 16 0 0 0 0 0 0 0 0 0 0 0 0 0 0 0 0 1 0 3 0 0 0.567529 0 16 0 0 0
0 0 0 0 0 0 84 76 72 0 0 0 0 1 14.2857 3 4 5 6 0.111111 16 72 74 0
0 69 84 72 78 0 88 76 74 69 64 61 0 1 0 3 4 5 6 0 16 72 0 94 76 72
90 84 90 86 0 90 90 92 90 58 0 0 0 3 4 5 6 0 16 0 0 0 0 0 0 48 0 0
0 0 0 0 0 0 0 0 0 3 4 5 6 0 16 0 0 0 0 0 0 0 0 0 0 0 0 0 0 0 0 0 0
3 4 5 6 0 16 0 0 0 0 0 0 0 0 0 0 0 0 0 0 0 0 1 0 3 0 0 0.567529 0.047619
16 0 0 0 0 62 0 0 0 0 84 76 72 0 0 0 0 1 0 3 4 5 6 0.174603 16 60 54
0 0 0 0 0 78 0 88 76 74 69 64 61 0 1 0 3 4 5 6 0 16 46 0 40 0 0 0 52
0 86 0 90 90 92 90 58 0 0 0 3 4 5 6 0 16 0 0 0 0 0 0 48 0 0 0 0 0 0
0 0 0 0 0 3 4 5 6 0 16 0 0 0 0 0 0 0 0 0 0 0 0 0 0 0 0 0 0 3 4 5 6
0 16 0 0 0 0 0 0 0 0 0 0 0 0 0 0 0 0 1 0 3 0.314961 0 0.567529 0.047619
16 28 0 0 0 0 0 84 76 28 0 31 0 0 0 0 0 1 0 3 4 5 6 0.174603 16 27
0 0 0 0 0 88 78 27 0 30 0 0 0 0 0 1 0 3 4 5 6 0 16 29 0 0 0 0 0 52
0 29 0 28 0 0 0 0 0 0 0 3 4 5 6 0 16 0 0 0 0 0 0 48 0 0 0 0 0 0 0 0
0 0 0 3 4 5 6 0 16 0 0 0 0 0 0 0 0 0 0 0 0 0 0 0 0 0 0 3 4 5 6 0 16
0 0 0 0 0 0 0 0 0 0 0 0 0 0 0 0 0 0 0 0 0 0 0 0 0 0 0 0 0 0 0 0 0 0
0 0 0 0 0 0 0 0 0 0 0 0 0 0 0 0 0 0 0 0 0 0 0 0 0 0 0 0 0 0 0 0 0 0
0 0 0 0 0 0 0 0 0 0 0 0 0 0 0 0 0 0 0 0 0 0 0 0 0 0 0 0 0 0 0 0 0 0
0 0 0 0 0 0 0 0 0 0 0 0 0 0 0 0 0 0 0 0 0 0 0 0 0 0 0 0 0 0 0 0 0 0
0 0 0 0 0 0 0 0 0 0 0 0 0 0 0 0 0 0 0 0 0 0 0 0 0 0 0 0 0 0 0 0 0 0
0 0 0 0 0 0 0 0 0 0 0 0 0 0 0 0 0 0 0 0 0 0 0 0 0 0 0 0 0 0 0 0 0 0
0 0 0 0 0 0 0 0 0 0 0 0 0 0 0 0 0 0 0 0 0 0 0 0 0 0 0 0 0 0 0 0 0 0
0 0 0 0 0 0 0 0 0 0 0 0 0 0 0 0 0 0 0 0 0 0 0 0 0 0 0 0 0 0 0 0 0 0
0 0 0 0 0 0 0 0 0 0 0 0 0 0 0 0 0 0 0 0 0 0 0 0 0 0 0 0 0 0 0 0 0 0
0 0 0 0 0 0 0 0 0 0 0 0 0 0 0 0 0 0 0 0 0 0 0 0 0 0 0 0 0 0 0 0 0 0
0 0 0 0 0 0 0 0 0 0 0 0 0 0 0 0 0 0 0 0 0 0 0 0 0 0 0 0 0 0 0 0 0 0
0 0 0 0 0 0 0 0 0 0 0 0 0 0 0 0 0 0 0 0 0 0 0 0 0 0 0 0 0 0 0 0 0 0
0 0 0 0 0 0 0 0 0 0 0 0 0 0 0 0 0 0 0 0 0 0 0 0 0 0 0 0 0 0 0 0 0 0
0 0 0 0 0 0 0 0 0 0 0 0 0 0 0 0 0 0 0 0 0 0 0 0 0 0 0 0 0 0 0 0 0 0
0 0 0 0 0 0 0 0 0 0 0 0 0 0 0 0 0 0 0 0 0 0 0 0 0 0 0 0 0 0 0 0 0 0
0 0 0 0 0 0 0 0 0 0 0 0 0 0 0 0 0 0 0 0 0 0 0 0 0 0 0 0 0 0 0 0 0 0
0 0 0 0 0 0 0 0 0 0 0 0 0 0 0 0 0 0 0 0 0 0 0 0 0 0 0 0 0 0 0 0 0 0
0 0 0 0 0 0 0 0 0 0 0 0 0 0 0 0 0 0 0 0 0 0 0 0 0 0 0 0 0 0 0 0 0 0
0 0 0 0 0 0 0 0 0 0 0 0 0 0 0 0 0 0 0 0 0 0 0 0 0 0 0 0 0 0 0 0 0 0
0 0 0 0 0 0 0 0 0 0 0 0 0 0 0 0 0 0 0 0 0 0 0 0 0 0 0 0 0 0 0 0 0 0
0 0 0 0 0 0 0 0 0 0 0 0 0 0 0 0 0 0 0 0 0 0 0 0 0 0 0 0 0 0 0 0 0 0
0 0 0 0 0 0 0 0 0 0 0 0 0 0 0 0 0 0 0 0 0 0 0 0 0 0 0 0 0 0 0 0 0 0
0 0 0 0 0 0 0 0 0 0 0 0 0 0 0 0 0 0 0 0 0 0 0 0 0 0 0 0 0 0 0 0 0 0
0 0 0 0 0 0 0 0 0 0 0 0 0 0 0 0 0 0 0 0 0 0 0 0 0 0 0 0 0 0 0 0 0 0
0 0 0 0 0 0 0 0 0 0 0 0 0 0 0 0 0 0 0 0 0 0 0 0 0 0 0 0 0 0 0 0 0 0
0 0 0 0 0 0 0 0 0 0 0 0 0 0 0 0 0 0 0 0 0 0 0 0 0 0 0 0 0 0 0 0 0 0
0 0 0 0 0 0 0 0 0 0 0 0 0 0 0 0 0 0 0 0 0 0 0 0 0 0 0 0 0 0 0 0 0 0
0 0 0 0 0 0 0 0 0 0 0 0 0 0 0 0 0 0 0 0 0 0 0 0 0 0 0 0 0 0 0 0 0 0
0 0 0 0 0 0 0 0 0 0 0 0 0 0 0 0 0 0 0 0 0 0 0 0 0 0 0 0 0 0 0 0 0 0
0 0 0 0 0 0 0 0 0 0 0 0 0 0 0 0 0 0 0 0 0 0 0 0 0 0 0 0 0 0 0 0 0 0
0 0 0 0 0 0 0 0 0 0 0 0 0 0 0 0 0 0 0 0 0 0 0 0 0 0 0 0 0 0 0 0 0 0
0 0 0 0 0 0 0 0 0 0 0 0 0 0 0 0 0 0 0 0 0 0 0 0 0 0 0 0 0 0 0 0 0 0
0 0 0 0 0 0 0 0 0 0 0 0 0 0 0 0 0 0 0 0 0 0 0 0 0 0 0 0 0 0 0 0 0 0
0 0 0 0 0 0 0 0 0 0 0 0 0 0 0 0 0 0 0 0 0 0 0 0 0 0 0 0 0 0 0 0 0 0
0 0 0 0 0 0 0 0 0 0 0 0 0 0 0 0 0 0 0 0 0 0 0 0 0 0 0 0 0 0 0 0 0 0
0 0 0 0 0 0 0 0 0 0 0 0 0 0 0 0 0 0 0 0 0 0 0 0 0 0 0 0 0 0 0 0 0 0
0 0 0 0 0 0 0 0 0 0 0 0 0 0 0 0 0 0 0 0 0 0 0 0 0 0 0 0 0 0 0 0 0 0
0 0 0 0 0 0 0 0 0 0 0 0 0 0 0 0 0 0 0 0 0 0 0 0 0 0 0 0 0 0 0 0 0 0
0 0 0 0 0 0 0 0 0 0 0 0 0 0 0 0 0 0 0 0 0 0 0 0 0 0 0 0 0 0 0 0 0 0
0 0 0 0 0 0 0 0 0 0 0 0 0 0 0 0 0 0 0 0 0 0 0 0 0 0 0 0 0 0 0 0 0 0
0 0 0 0 0 0 0 0 0 0 0 0 0 0 0 0 0 0 0 0 0 0 0 0 0 0 0 0 0 0 0 0 0 0
0 0 0 0 0 0 0 0 0 0 0 0 0 0 0 0 0 0 0 0 0 0 0 0 0 0 0 0 0 0 0 0 0 0
0 0 0 0 0 0 0 0 0 0 0 0 0 0 0 0 0 0 0 0 0 0 0 0 0 0 0 0 0 0 0 0 0 0
0 0 0 0 0 0 0 0 0 0 0 0 0 0 0 0 0 0 0 0 0 0 0 0 0 0 0 0 0 0 0 0 0 0
0 0 0 0 0 0 0 0 0 0 0 0 0 0 0 0 0 0 0 0 0 0 0 0 0 0 0 0 0 0 0 0 0 0
0 0 0 0 0 0 0 0 0 0 0 0 0 0 0 0 0 0 0 0 0 0 0 0 0 0 0 0 0 0 0 0 0 0
0 0 0 0 0 0 0 0 0 0 0 0 0 0 0 0 0 0 0 0 0 0 0 0 0 0 0 0 0 0 0 0 0 0
0 0 0 0 0 0 0 0 0 0 0 0 0 0 0 0 0 0 0 0 0 0 0 0 0 0 0 0 0 0 0 0 0 0
0 0 0 0 0 0 0 0 0 0 0 0 0 0 0 0 0 0 0 0 0 0 0 0 0 0 0 0 0 0 0 0 0 0
0 0 0 0 0 0 0 0 0 0 0 0 0 0 0 0 0 0 0 0 0 0 0 0 0 0 0 0 0 0 0 0 0 0
0 0 0 0 0 0 0 0 0 0 0 0 0 0 0 0 0 0 0 0 0 0 0 0 0 0 0 0 0 0 0 0 0 0
0 0 0 0 0 0 0 0 0 0 0;
