1 file 0 0 0 () norm 0 0 1-crrrx1 1 () norm 0 0 1-crrrx2 0 () norm
0 0 1-crrrx3 48 () norm 0 0 1-crrrx4 5 () norm 0 0 1-crrrx5 4000 ()
norm 0 0 1-crrrx6 0 () norm 0 0 1-crrrx7 9.98939 () norm 0 0 1-crrrx8
48.0076 () norm 0 0 1-crrrx9 100 () norm 0 0 1-crrrx10 90.002 () arr
0 0 1-crrray1 0.240839 -0.0965437 -0.10439 -0.112236 -0.120082 -0.120082
0.121578 0.109809 0.168655 0.168655 0.168655 0.165517 0.162378 0.15924
0.156101 0.184347 0.20004 0.137271 0.113732 -0.0353439 -0.0353439 -0.0353439
-0.0196517 0.121578 0.126809 0.13204 0.20004 0.192193 0.137271 0.129425
0.121578 0.113732 0.152963 0.152963 0.168655 0.158194 0.147732 0.137271
0.121578 0.105886 0.090194 0.0745017 0.0666556 0.121578 0.129425 0.168655
0.179117 0.189578 0.184347 0.168655 0.152963 0.137271 0.105886 0.0980401
0.090194 0.090194 0.090194 0.090194 0.090194 0.152963 0.168655 0.184347
0.20004 0.137271 0.129425 0.121578 0.113732 0.105886 0.0954247 0.0849632
0.0745017 0.0666556 0.0588095 0.0588095 0.0588095 0.0588095 0.0588095
0.0745017 0.152963 0.162378 0.171794 0.181209 0.190624 0.152963 0.152963
0.152963 0.152963 0.184347 0.192193 0.20004 0.121578 0.121578 0.152963
0.160809 0.168655 0.173886 0.179117 0.184347 0.20004 0.215732 0.231424
0.294193 0.302039 0.309885 0.317731 0.294193 0.287916 0.281639 0.275362
0.269085 0.215732 0.20004 0.20004 0.20004 0.247116 0.262809 0.278501
0.288962 0.299424 0.325577 0.349116 0.372654 0.396193 0.419731 0.435423
0.451115 0.458961 0.466808 0.476223 0.485638 0.495054 0.504469 0.529577
0.506038 0.4825 0.458961 0.325577 0.294193 0.262809 0.236655 0.210501
0.184347 0.176501 0.0745018 0.0980401 0.34127 0.3805 0.419731 0.466808
0.513884 0.524346 0.534807 0.545269 0.560961 0.576653 0.592345 0.105886
0.0980401 0.0588095 0.0666556 0.356962 0.334993 0.313024 0.291055 0.269085
0.0745018 0.0666556 0.0588095 0.0666556 0.247116 0.256532 0.372654
0.393577 0.4145 0.231424 0.223578 0.090194 0.0980401 0.105886 0.113732
0.121578 0.129425 0.137271 0.142501 0.147732 0.152963 0.160809 0.168655
0.176501 0.184347 0.192194 0.20004 0.209455 0.21887 0.228286 0.237701
0.262809 0.270655 0.121578 0.121578 0.184347 0.192194 0.231424 0.247116
0.20004 0.210501 0.220963 0.231424 0.247116 0.278501 0.294193 0.309885
0.309885 0.294193 0.302039 0.309885 0.349116 0.372654 0.396193 0.419731
0.419731 0.419731 0.419731 0.419731 0.388346 0.3805 0.231424 0.223578
0.215732 0.215732 0.215732 0.215732 -0.0196517 -0.0196517 -0.0196517
0.0117328 0.0352711 0.0588095 0.0823478 0.168655 0.168655 0.20004 0.209455
0.21887 0.228286 0.237701 0.278501 0.294193 0.309885 0.333424 0.20004
0.20004 0.231424 0.23927 0.309885 0.320347 0.330808 0.34127 0.364808
0.419731 0.427577 0.435423 0.419731 0.247116 0.223578 0.20004 0.194809
0.189578 0.215732 0.231424 0.278501 0.262809 0.247116 0.231424 0.215732
0.215732 0.231424 0.236655 0.241886 0.137271 0.137271 0.152963 0.152963
0.278501 0.29027 0.302039 0.313808 0.325578 0.334545 0.343511 0.352478
0.361445 0.370412 0.379379 0.419731 0.435423 0.451115 0.443269 0.356962
0.330808 0.304654 0.278501 0.23927 0.0588095 0.0666556 0.0745017 0.0980401
0.121578 0.129425 0.262809 0.262809 0.262809 0.231424 0.215732 0.090194
0.090194 0.152963 0.164732 0.176501 0.18827 0.20004 0.226193 0.252347
0.278501 0.29027 0.302039 0.313808 0.325577 0.309885 0.294193 0.278501
0.168655 0.171794 0.174932 0.17807 0.181209 0.231424 0.247116 0.262809
0.274578 0.286347 0.298116 0.372654 0.367423 0.362193 0.34127 0.325577
0.372654 0.364808 0.34127 0.333424 0.325577 0.317731 0.325577 0.325577
0.325577 0.356962 0.364808 0.372654 0.388346 0.419731 0.396193 0.231424
0.254962 0.34127 0.356962 0.372654 0.388346 0.396193 0.404039 0.388346
0.247116 0.247116 0.215732 0.215732 0.231424 0.236655 0.241886 0.278501
0.286347 0.294193 0.302039 0.309885 0.317731 0.278501 0.270655 0.262809
0.262809 0.262809 0.278501 0.254962 0.215732 0.215732 0.262809 0.270655
0.278501 0.302039 0.325577 0.330808 0.336039 0.372654 0.356962 0.356962
0.356962 0.356962 0.356962 0.356962 0.356962 0.356962 0.356962 0.356962
0.356962 0.356962 0.356962 0.353039 0.349116 0.345193 0.34127 0.325577
0.325577 0.325577 0.325577 0.325577 0.29027 0.286347 0.282424 0.278501
0.309885 0.294193 0.294193 0.294193 0.262809 0.262809 0.262809 0.262809
0.262809 0.231424 0.231424 0.231424 0.231424 0.231424 () norm 0 0 1-wavrx1
2 () norm 0 0 1-wavrx2 0 () norm 0 0 1-wavrx3 43.62 () norm 0 0 1-wavrx4
0.598425 () norm 0 0 1-wavrx5 100 () norm 0 0 1-soutrx1 100 () norm
0 0 1-soutrx2 1 () norm 0 0 1-soutrx3 100 () norm 0 0 1-soutrx4 1 ()
norm 0 0 1-ma4rx1 1 () norm 0 0 1-ma4rx2 0 () norm 0 0 1-ma4rx3 0 ()
norm 0 0 1-ma4rx4 0 () norm 0 0 1-ma4rx5 0 () norm 0 0 1-ma4rx6 0 ()
norm 0 0 1-ma4rx7 1 () norm 0 0 1-ma4rx8 0 () norm 0 0 1-ma4rx9 0 ()
norm 0 0 1-ma4rx10 0 () norm 0 0 1-ma4rx11 0 () norm 0 0 1-ma4rx12
0 () norm 0 0 1-ma4rx13 0 () norm 0 0 1-ma4rx14 0 () norm 0 0 1-ma4rx15
0 () norm 0 0 1-ma4rx16 0 () sym 0 0 1-plfry1 rhapso.wav () sym 0 0
1-plfry2 kxpqwmk () sym 0 0 1-plfry3 kxpqwmk () norm 0 0 1-plfrx1 1
() norm 0 0 1-plfrx2 1 () norm 0 0 1-plfrx3 0 () norm 0 0 1-ovorx1
91.4252 () norm 0 0 1-ovorx2 100;
2 pulse_shapes 0 0 0 () norm 0 0 1-crrrx1 1 () norm 0 0 1-crrrx2 0
() norm 0 0 1-crrrx3 48 () norm 0 0 1-crrrx4 5 () norm 0 0 1-crrrx5
4000 () norm 0 0 1-crrrx6 0 () norm 0 0 1-crrrx7 9.98939 () norm 0
0 1-crrrx8 48.0076 () norm 0 0 1-crrrx9 100 () norm 0 0 1-crrrx10 90.002
() arr 0 0 1-crrray1 0.240839 -0.0965437 -0.10439 -0.112236 -0.120082 -0.120082
0.121578 0.109809 0.168655 0.168655 0.168655 0.165517 0.162378 0.15924
0.156101 0.184347 0.20004 0.137271 0.113732 -0.0353439 -0.0353439 -0.0353439
-0.0196517 0.121578 0.126809 0.13204 0.20004 0.192193 0.137271 0.129425
0.121578 0.113732 0.152963 0.152963 0.168655 0.158194 0.147732 0.137271
0.121578 0.105886 0.090194 0.0745017 0.0666556 0.121578 0.129425 0.168655
0.179117 0.189578 0.184347 0.168655 0.152963 0.137271 0.105886 0.0980401
0.090194 0.090194 0.090194 0.090194 0.090194 0.152963 0.168655 0.184347
0.20004 0.137271 0.129425 0.121578 0.113732 0.105886 0.0954247 0.0849632
0.0745017 0.0666556 0.0588095 0.0588095 0.0588095 0.0588095 0.0588095
0.0745017 0.152963 0.162378 0.171794 0.181209 0.190624 0.152963 0.152963
0.152963 0.152963 0.184347 0.192193 0.20004 0.121578 0.121578 0.152963
0.160809 0.168655 0.173886 0.179117 0.184347 0.20004 0.215732 0.231424
0.294193 0.302039 0.309885 0.317731 0.294193 0.287916 0.281639 0.275362
0.269085 0.215732 0.20004 0.20004 0.20004 0.247116 0.262809 0.278501
0.288962 0.299424 0.325577 0.349116 0.372654 0.396193 0.419731 0.435423
0.451115 0.458961 0.466808 0.476223 0.485638 0.495054 0.504469 0.529577
0.506038 0.4825 0.458961 0.325577 0.294193 0.262809 0.236655 0.210501
0.184347 0.176501 0.0745018 0.0980401 0.34127 0.3805 0.419731 0.466808
0.513884 0.524346 0.534807 0.545269 0.560961 0.576653 0.592345 0.105886
0.0980401 0.0588095 0.0666556 0.356962 0.334993 0.313024 0.291055 0.269085
0.0745018 0.0666556 0.0588095 0.0666556 0.247116 0.256532 0.372654
0.393577 0.4145 0.231424 0.223578 0.090194 0.0980401 0.105886 0.113732
0.121578 0.129425 0.137271 0.142501 0.147732 0.152963 0.160809 0.168655
0.176501 0.184347 0.192194 0.20004 0.209455 0.21887 0.228286 0.237701
0.262809 0.270655 0.121578 0.121578 0.184347 0.192194 0.231424 0.247116
0.20004 0.210501 0.220963 0.231424 0.247116 0.278501 0.294193 0.309885
0.309885 0.294193 0.302039 0.309885 0.349116 0.372654 0.396193 0.419731
0.419731 0.419731 0.419731 0.419731 0.388346 0.3805 0.231424 0.223578
0.215732 0.215732 0.215732 0.215732 -0.0196517 -0.0196517 -0.0196517
0.0117328 0.0352711 0.0588095 0.0823478 0.168655 0.168655 0.20004 0.209455
0.21887 0.228286 0.237701 0.278501 0.294193 0.309885 0.333424 0.20004
0.20004 0.231424 0.23927 0.309885 0.320347 0.330808 0.34127 0.364808
0.419731 0.427577 0.435423 0.419731 0.247116 0.223578 0.20004 0.194809
0.189578 0.215732 0.231424 0.278501 0.262809 0.247116 0.231424 0.215732
0.215732 0.231424 0.236655 0.241886 0.137271 0.137271 0.152963 0.152963
0.278501 0.29027 0.302039 0.313808 0.325578 0.334545 0.343511 0.352478
0.361445 0.370412 0.379379 0.419731 0.435423 0.451115 0.443269 0.356962
0.330808 0.304654 0.278501 0.23927 0.0588095 0.0666556 0.0745017 0.0980401
0.121578 0.129425 0.262809 0.262809 0.262809 0.231424 0.215732 0.090194
0.090194 0.152963 0.164732 0.176501 0.18827 0.20004 0.226193 0.252347
0.278501 0.29027 0.302039 0.313808 0.325577 0.309885 0.294193 0.278501
0.168655 0.171794 0.174932 0.17807 0.181209 0.231424 0.247116 0.262809
0.274578 0.286347 0.298116 0.372654 0.367423 0.362193 0.34127 0.325577
0.372654 0.364808 0.34127 0.333424 0.325577 0.317731 0.325577 0.325577
0.325577 0.356962 0.364808 0.372654 0.388346 0.419731 0.396193 0.231424
0.254962 0.34127 0.356962 0.372654 0.388346 0.396193 0.404039 0.388346
0.247116 0.247116 0.215732 0.215732 0.231424 0.236655 0.241886 0.278501
0.286347 0.294193 0.302039 0.309885 0.317731 0.278501 0.270655 0.262809
0.262809 0.262809 0.278501 0.254962 0.215732 0.215732 0.262809 0.270655
0.278501 0.302039 0.325577 0.330808 0.336039 0.372654 0.356962 0.356962
0.356962 0.356962 0.356962 0.356962 0.356962 0.356962 0.356962 0.356962
0.356962 0.356962 0.356962 0.353039 0.349116 0.345193 0.34127 0.325577
0.325577 0.325577 0.325577 0.325577 0.29027 0.286347 0.282424 0.278501
0.309885 0.294193 0.294193 0.294193 0.262809 0.262809 0.262809 0.262809
0.262809 0.231424 0.231424 0.231424 0.231424 0.231424 () norm 0 0 1-wavrx1 5 () norm 0 0 1-wavrx2
0 () norm 0 0 1-wavrx3 9 () norm 0 0 1-wavrx4 0.850394 () norm 0 0
1-wavrx5 100 () norm 0 0 1-soutrx1 100 () norm 0 0 1-soutrx2 1 () norm
0 0 1-soutrx3 100 () norm 0 0 1-soutrx4 1 () norm 0 0 1-ma4rx1 0 ()
norm 0 0 1-ma4rx2 0 () norm 0 0 1-ma4rx3 1 () norm 0 0 1-ma4rx4 0 ()
norm 0 0 1-ma4rx5 1 () norm 0 0 1-ma4rx6 0 () norm 0 0 1-ma4rx7 0 ()
norm 0 0 1-ma4rx8 0 () norm 0 0 1-ma4rx9 0 () norm 0 0 1-ma4rx10 0
() norm 0 0 1-ma4rx11 0 () norm 0 0 1-ma4rx12 0 () norm 0 0 1-ma4rx13
0 () norm 0 0 1-ma4rx14 0 () norm 0 0 1-ma4rx15 0 () norm 0 0 1-ma4rx16
0 () sym 0 0 1-plfry1 rhapso.wav () sym 0 0 1-plfry2 kxpqwmk () sym
0 0 1-plfry3 kxpqwmk () norm 0 0 1-plfrx1 1 () norm 0 0 1-plfrx2 0.795276
() norm 0 0 1-plfrx3 0 () norm 0 0 1-ovorx1 42.315 () norm 0 0 1-ovorx2
100;
3 noise_shapes 0 0 0 () norm 0 0 1-crrrx1 1 () norm 0 0 1-crrrx2 0
() norm 0 0 1-crrrx3 48 () norm 0 0 1-crrrx4 5 () norm 0 0 1-crrrx5
4000 () norm 0 0 1-crrrx6 0 () norm 0 0 1-crrrx7 9.98939 () norm 0
0 1-crrrx8 48.0076 () norm 0 0 1-crrrx9 100 () norm 0 0 1-crrrx10 90.002
() arr 0 0 1-crrray1 0.240839 -0.0965437 -0.10439 -0.112236 -0.120082 -0.120082
0.121578 0.109809 0.168655 0.168655 0.168655 0.165517 0.162378 0.15924
0.156101 0.184347 0.20004 0.137271 0.113732 -0.0353439 -0.0353439 -0.0353439
-0.0196517 0.121578 0.126809 0.13204 0.20004 0.192193 0.137271 0.129425
0.121578 0.113732 0.152963 0.152963 0.168655 0.158194 0.147732 0.137271
0.121578 0.105886 0.090194 0.0745017 0.0666556 0.121578 0.129425 0.168655
0.179117 0.189578 0.184347 0.168655 0.152963 0.137271 0.105886 0.0980401
0.090194 0.090194 0.090194 0.090194 0.090194 0.152963 0.168655 0.184347
0.20004 0.137271 0.129425 0.121578 0.113732 0.105886 0.0954247 0.0849632
0.0745017 0.0666556 0.0588095 0.0588095 0.0588095 0.0588095 0.0588095
0.0745017 0.152963 0.162378 0.171794 0.181209 0.190624 0.152963 0.152963
0.152963 0.152963 0.184347 0.192193 0.20004 0.121578 0.121578 0.152963
0.160809 0.168655 0.173886 0.179117 0.184347 0.20004 0.215732 0.231424
0.294193 0.302039 0.309885 0.317731 0.294193 0.287916 0.281639 0.275362
0.269085 0.215732 0.20004 0.20004 0.20004 0.247116 0.262809 0.278501
0.288962 0.299424 0.325577 0.349116 0.372654 0.396193 0.419731 0.435423
0.451115 0.458961 0.466808 0.476223 0.485638 0.495054 0.504469 0.529577
0.506038 0.4825 0.458961 0.325577 0.294193 0.262809 0.236655 0.210501
0.184347 0.176501 0.0745018 0.0980401 0.34127 0.3805 0.419731 0.466808
0.513884 0.524346 0.534807 0.545269 0.560961 0.576653 0.592345 0.105886
0.0980401 0.0588095 0.0666556 0.356962 0.334993 0.313024 0.291055 0.269085
0.0745018 0.0666556 0.0588095 0.0666556 0.247116 0.256532 0.372654
0.393577 0.4145 0.231424 0.223578 0.090194 0.0980401 0.105886 0.113732
0.121578 0.129425 0.137271 0.142501 0.147732 0.152963 0.160809 0.168655
0.176501 0.184347 0.192194 0.20004 0.209455 0.21887 0.228286 0.237701
0.262809 0.270655 0.121578 0.121578 0.184347 0.192194 0.231424 0.247116
0.20004 0.210501 0.220963 0.231424 0.247116 0.278501 0.294193 0.309885
0.309885 0.294193 0.302039 0.309885 0.349116 0.372654 0.396193 0.419731
0.419731 0.419731 0.419731 0.419731 0.388346 0.3805 0.231424 0.223578
0.215732 0.215732 0.215732 0.215732 -0.0196517 -0.0196517 -0.0196517
0.0117328 0.0352711 0.0588095 0.0823478 0.168655 0.168655 0.20004 0.209455
0.21887 0.228286 0.237701 0.278501 0.294193 0.309885 0.333424 0.20004
0.20004 0.231424 0.23927 0.309885 0.320347 0.330808 0.34127 0.364808
0.419731 0.427577 0.435423 0.419731 0.247116 0.223578 0.20004 0.194809
0.189578 0.215732 0.231424 0.278501 0.262809 0.247116 0.231424 0.215732
0.215732 0.231424 0.236655 0.241886 0.137271 0.137271 0.152963 0.152963
0.278501 0.29027 0.302039 0.313808 0.325578 0.334545 0.343511 0.352478
0.361445 0.370412 0.379379 0.419731 0.435423 0.451115 0.443269 0.356962
0.330808 0.304654 0.278501 0.23927 0.0588095 0.0666556 0.0745017 0.0980401
0.121578 0.129425 0.262809 0.262809 0.262809 0.231424 0.215732 0.090194
0.090194 0.152963 0.164732 0.176501 0.18827 0.20004 0.226193 0.252347
0.278501 0.29027 0.302039 0.313808 0.325577 0.309885 0.294193 0.278501
0.168655 0.171794 0.174932 0.17807 0.181209 0.231424 0.247116 0.262809
0.274578 0.286347 0.298116 0.372654 0.367423 0.362193 0.34127 0.325577
0.372654 0.364808 0.34127 0.333424 0.325577 0.317731 0.325577 0.325577
0.325577 0.356962 0.364808 0.372654 0.388346 0.419731 0.396193 0.231424
0.254962 0.34127 0.356962 0.372654 0.388346 0.396193 0.404039 0.388346
0.247116 0.247116 0.215732 0.215732 0.231424 0.236655 0.241886 0.278501
0.286347 0.294193 0.302039 0.309885 0.317731 0.278501 0.270655 0.262809
0.262809 0.262809 0.278501 0.254962 0.215732 0.215732 0.262809 0.270655
0.278501 0.302039 0.325577 0.330808 0.336039 0.372654 0.356962 0.356962
0.356962 0.356962 0.356962 0.356962 0.356962 0.356962 0.356962 0.356962
0.356962 0.356962 0.356962 0.353039 0.349116 0.345193 0.34127 0.325577
0.325577 0.325577 0.325577 0.325577 0.29027 0.286347 0.282424 0.278501
0.309885 0.294193 0.294193 0.294193 0.262809 0.262809 0.262809 0.262809
0.262809 0.231424 0.231424 0.231424 0.231424 0.231424 () norm 0 0 1-wavrx1 4 () norm 0 0 1-wavrx2
0 () norm 0 0 1-wavrx3 0 () norm 0 0 1-wavrx4 0.19685 () norm 0 0 1-wavrx5
100 () norm 0 0 1-soutrx1 100 () norm 0 0 1-soutrx2 1 () norm 0 0 1-soutrx3
100 () norm 0 0 1-soutrx4 1 () norm 0 0 1-ma4rx1 0 () norm 0 0 1-ma4rx2
0 () norm 0 0 1-ma4rx3 1 () norm 0 0 1-ma4rx4 0 () norm 0 0 1-ma4rx5
1 () norm 0 0 1-ma4rx6 0 () norm 0 0 1-ma4rx7 0 () norm 0 0 1-ma4rx8
0 () norm 0 0 1-ma4rx9 0 () norm 0 0 1-ma4rx10 0 () norm 0 0 1-ma4rx11
0 () norm 0 0 1-ma4rx12 0 () norm 0 0 1-ma4rx13 0 () norm 0 0 1-ma4rx14
0 () norm 0 0 1-ma4rx15 0 () norm 0 0 1-ma4rx16 0 () sym 0 0 1-plfry1
rhapso.wav () sym 0 0 1-plfry2 kxpqwmk () sym 0 0 1-plfry3 kxpqwmk
() norm 0 0 1-plfrx1 1 () norm 0 0 1-plfrx2 0.795276 () norm 0 0 1-plfrx3
0 () norm 0 0 1-ovorx1 50.1102 () norm 0 0 1-ovorx2 94.4882;
4 voice_in_mic 0 0 0 () norm 0 0 1-crrrx1 0 () norm 0 0 1-crrrx2 1
() norm 0 0 1-crrrx3 36 () norm 0 0 1-crrrx4 5 () norm 0 0 1-crrrx5
3733.67 () norm 0 0 1-crrrx6 0 () norm 0 0 1-crrrx7 8.72727 () norm
0 0 1-crrrx8 80.8485 () norm 0 0 1-crrrx9 100 () norm 0 0 1-crrrx10
100.053 () arr 0 0 1-crrray1 0.240839 -0.0965437 -0.10439 -0.112236 -0.120082 -0.120082
0.121578 0.109809 0.168655 0.168655 0.168655 0.165517 0.162378 0.15924
0.156101 0.184347 0.20004 0.137271 0.113732 -0.0353439 -0.0353439 -0.0353439
-0.0196517 0.121578 0.126809 0.13204 0.20004 0.192193 0.137271 0.129425
0.121578 0.113732 0.152963 0.152963 0.168655 0.158194 0.147732 0.137271
0.121578 0.105886 0.090194 0.0745017 0.0666556 0.121578 0.129425 0.168655
0.179117 0.189578 0.184347 0.168655 0.152963 0.137271 0.105886 0.0980401
0.090194 0.090194 0.090194 0.090194 0.090194 0.152963 0.168655 0.184347
0.20004 0.137271 0.129425 0.121578 0.113732 0.105886 0.0954247 0.0849632
0.0745017 0.0666556 0.0588095 0.0588095 0.0588095 0.0588095 0.0588095
0.0745017 0.152963 0.162378 0.171794 0.181209 0.190624 0.152963 0.152963
0.152963 0.152963 0.184347 0.192193 0.20004 0.121578 0.121578 0.152963
0.160809 0.168655 0.173886 0.179117 0.184347 0.20004 0.215732 0.231424
0.294193 0.302039 0.309885 0.317731 0.294193 0.287916 0.281639 0.275362
0.269085 0.215732 0.20004 0.20004 0.20004 0.247116 0.262809 0.278501
0.288962 0.299424 0.325577 0.349116 0.372654 0.396193 0.419731 0.435423
0.451115 0.458961 0.466808 0.476223 0.485638 0.495054 0.504469 0.529577
0.506038 0.4825 0.458961 0.325577 0.294193 0.262809 0.236655 0.210501
0.184347 0.176501 0.0745018 0.0980401 0.34127 0.3805 0.419731 0.466808
0.513884 0.524346 0.534807 0.545269 0.560961 0.576653 0.592345 0.105886
0.0980401 0.0588095 0.0666556 0.356962 0.334993 0.313024 0.291055 0.269085
0.0745018 0.0666556 0.0588095 0.0666556 0.247116 0.256532 0.372654
0.393577 0.4145 0.231424 0.223578 0.090194 0.0980401 0.105886 0.113732
0.121578 0.129425 0.137271 0.142501 0.147732 0.152963 0.160809 0.168655
0.176501 0.184347 0.192194 0.20004 0.209455 0.21887 0.228286 0.237701
0.262809 0.270655 0.121578 0.121578 0.184347 0.192194 0.231424 0.247116
0.20004 0.210501 0.220963 0.231424 0.247116 0.278501 0.294193 0.309885
0.309885 0.294193 0.302039 0.309885 0.349116 0.372654 0.396193 0.419731
0.419731 0.419731 0.419731 0.419731 0.388346 0.3805 0.231424 0.223578
0.215732 0.215732 0.215732 0.215732 -0.0196517 -0.0196517 -0.0196517
0.0117328 0.0352711 0.0588095 0.0823478 0.168655 0.168655 0.20004 0.209455
0.21887 0.228286 0.237701 0.278501 0.294193 0.309885 0.333424 0.20004
0.20004 0.231424 0.23927 0.309885 0.320347 0.330808 0.34127 0.364808
0.419731 0.427577 0.435423 0.419731 0.247116 0.223578 0.20004 0.194809
0.189578 0.215732 0.231424 0.278501 0.262809 0.247116 0.231424 0.215732
0.215732 0.231424 0.236655 0.241886 0.137271 0.137271 0.152963 0.152963
0.278501 0.29027 0.302039 0.313808 0.325578 0.334545 0.343511 0.352478
0.361445 0.370412 0.379379 0.419731 0.435423 0.451115 0.443269 0.356962
0.330808 0.304654 0.278501 0.23927 0.0588095 0.0666556 0.0745017 0.0980401
0.121578 0.129425 0.262809 0.262809 0.262809 0.231424 0.215732 0.090194
0.090194 0.152963 0.164732 0.176501 0.18827 0.20004 0.226193 0.252347
0.278501 0.29027 0.302039 0.313808 0.325577 0.309885 0.294193 0.278501
0.168655 0.171794 0.174932 0.17807 0.181209 0.231424 0.247116 0.262809
0.274578 0.286347 0.298116 0.372654 0.367423 0.362193 0.34127 0.325577
0.372654 0.364808 0.34127 0.333424 0.325577 0.317731 0.325577 0.325577
0.325577 0.356962 0.364808 0.372654 0.388346 0.419731 0.396193 0.231424
0.254962 0.34127 0.356962 0.372654 0.388346 0.396193 0.404039 0.388346
0.247116 0.247116 0.215732 0.215732 0.231424 0.236655 0.241886 0.278501
0.286347 0.294193 0.302039 0.309885 0.317731 0.278501 0.270655 0.262809
0.262809 0.262809 0.278501 0.254962 0.215732 0.215732 0.262809 0.270655
0.278501 0.302039 0.325577 0.330808 0.336039 0.372654 0.356962 0.356962
0.356962 0.356962 0.356962 0.356962 0.356962 0.356962 0.356962 0.356962
0.356962 0.356962 0.356962 0.353039 0.349116 0.345193 0.34127 0.325577
0.325577 0.325577 0.325577 0.325577 0.29027 0.286347 0.282424 0.278501
0.309885 0.294193 0.294193 0.294193 0.262809 0.262809 0.262809 0.262809
0.262809 0.231424 0.231424 0.231424 0.231424 0.231424 () norm 0 0 1-wavrx1 4 () norm 0 0 1-wavrx2
0 () norm 0 0 1-wavrx3 0 () norm 0 0 1-wavrx4 0.19685 () norm 0 0 1-wavrx5
100 () norm 0 0 1-soutrx1 100 () norm 0 0 1-soutrx2 1 () norm 0 0 1-soutrx3
100 () norm 0 0 1-soutrx4 1 () norm 0 0 1-ma4rx1 0 () norm 0 0 1-ma4rx2
1 () norm 0 0 1-ma4rx3 0 () norm 0 0 1-ma4rx4 0 () norm 0 0 1-ma4rx5
0 () norm 0 0 1-ma4rx6 0 () norm 0 0 1-ma4rx7 0 () norm 0 0 1-ma4rx8
1 () norm 0 0 1-ma4rx9 0 () norm 0 0 1-ma4rx10 0 () norm 0 0 1-ma4rx11
0 () norm 0 0 1-ma4rx12 0 () norm 0 0 1-ma4rx13 0 () norm 0 0 1-ma4rx14
0 () norm 0 0 1-ma4rx15 0 () norm 0 0 1-ma4rx16 0 () sym 0 0 1-plfry1
rhapso.wav () sym 0 0 1-plfry2 kxpqwmk () sym 0 0 1-plfry3 kxpqwmk
() norm 0 0 1-plfrx1 1 () norm 0 0 1-plfrx2 0.795276 () norm 0 0 1-plfrx3
0 () norm 0 0 1-ovorx1 50.1102 () norm 0 0 1-ovorx2 100;
